1614 4052 2509 4951 1640 5684 3256 9770 6920 787
8443 6832 5959 9961 1081 9972 9103 5846 9675 7502 5531 1494 5957 9031 3749 6183
3442 1604 9605 3598 9020 7705 3440 0289 4532 1513 0986 2750 2549 4039 5310 3858 1993 3802 2542 6553 6002 7269 42
6043 7927 0049 1193 8774 0602 2257 3477 1628 1119 0056 7941 1348 0307
6808 3938 6587 3917 4578 2477 6560 4789 1208
7849 89
4947 53
2716 5556 0338 5601 5169 3770 4661 9673 3018 3513 3638
8480 9582 2172 6981 0748 0005 3751 2481 0809 3901 8192 156
6581 9784 9835 4134 5
5391 58
6713 6073 8018 2550 0227 3693 2954 0792 8792 5853 8539 7452 28
2822 8634 2754 6948 6677 6194 3288 6799 8584 9634 5797 7426 0304 28
7237 0155 7018 8908 1711 9444 3596 8281 6497 4025 2306 9271
4061 9969 0757 427
9906 8360 3568 8966 5309 5902 3514 8812 0963 6499 5919 1471 5788 3295 6770 3525 7723 5905 987
2550 3394 0713 2704 2107 3608 0672 8643 3540 3813 1326 7411 2880 4545 4839 5759 1847 2887 3265 8194 9010 4492 23
1645 8913 0046 1246 6847 0581 2108 0476 5373 7118 0536 5595 6507 0111 8002
1992 6171 1485 6562 4954 2814 4694 9111 8343 0878 0798 4188 8124 1
3035 4
8952 1886 5241 0525 5
2854 3445 2125 4215 5730 8858 2699 9071 8194 9662 6405 0191 2348 752
9376 3026 5980 2468 2881 3174 6565 5751 8303 5144 5862 1002 6034 2739 4561 0971
7102 1291 4951 2255 0590 9683 3808 1568 6252 2406 5990 6786 5474 4168 0650 1882 5837 76
1391 7825 4707 2761 0628 5448 1689 4846 0059 4301 6775 7749
3189 9908 8102 0629 1964 1716 2786 8884 9161 1145 5672 4191 33
1819 8
7615 6240 5808 5424 7742 7473 8614 4531 6939 3063 3919 4252 4166 9645 0787 7487 6865 6233 4558 9918 9649 714
4976 3009 1768 6294
7583 7255 4004 3851 0023 4891 6416 5086 8089 0582 1546 7
1050 9656 7502 9548 5648 4317 2227 5006 0759 0979 1689 1
5487 5244 7042 7078 4995 6094 3291 1096 3124 4530 8153 5079 1930 7852 2837 2375 2341 6314 0974
5639 0585 0049 4519 5402 4593 0487 5331 5069 6606 4638 3068 4953
9444 9421 6573 2772 92
2585 0507 1752 6017 8613 2998 8348 4764 6163 0231 0732 8517 7560 1247 7925 1058 5272 7332 3706 0176 80
2022 0234 3646 0807 7136 7876 5162 0797 4488 1957 8691 5387 0789 5
9532 0164 1237 8993 7
3407 7342 0224 7106 3567 4704 4773 4117 6805 8794 5708 8575 7210 5784 4961 26
2142 3786 6789 6608 3899 3949 7999 9162 1365 6987 1631 5786 1277 9123 5916 8315 1579 9533 00
8462 1934 1129 8621 1415 8280 1159 2574 9617 3013 7620 6
3054 7890 4303 5636 8538 5938 7909 4523 2773 5341 7399 8660 7573 8061 6266 5
5850 3564 7764 8010 2854 0645 5831 34
6547 6264 7249 6491 1616 4344 5088 2131 791
7529 2466 2847 9350 1540 0280 2685 0587 9491 5173 7627 4838 7120 5463 6779 7254 1645 579
2444 8857 6329 6807 7851 5998 0379 2193 9686 4775 6629 3266 65
8156 4514 9495 0953 3339 9520 2603 0758 0778 5609 5482 7359 4334 7972 9208 2261 5543 7631 9799 7964 0515 8
2383 8628 3591 3742 1592 5015 3629 9807 6931 2264 9326 7
3861 0428 1411 6354 3602 1346 3676 1020 2818 6845 8392 7094 2829 9195
3753 1531 3388 7139 8517 1865 5819 4313 2143 5931 6282 9537 6214 9526 0456 1770 23
4893 0775 5128 5325 4818 0722 3387
8236 4255 0434 7643 5522 9753 0552 6545 4675 9233
1382 6315 5928 6093 3870 5933 2853 8714 2196 2935 7234 1971 9128 0436 7827 5205 0448 877
1455 4768 9945 4017 9240 0013 4184 6904 1020 1241 0881 4978 7567 5703 1849 4398 7489 421
2422 6306 716
8947 9096 6524 8487 3692 2853 7198 8909 0208 5936 2325 3845 9145 4480 8681 5914 9187 5355 48
5131 0834 8053 6334 7809 1833 5299 6669 3671 6596
7585 352
4002 6463 3
8905 1717 3815
7110 4321 9568 492
5118 9072 5665 5649 5360 1958 8467 3224 3043 6585 3359 4546 7502 9248 4732 2462 5089 7
3786 5120 0666 8006 2365 4572 3468 5425 3202 8409 7554
2873 2006 9678 5752 6851 6006 0259 2175 9201 6189 5284 5612 4544 3329 5512 4734 7062 7042 8091 1688 837
4469 1229 9436 4758 8343 6647 7899 8
8211 868
3084 8582 6683 7719 7995 6481 3740 1089 38
7088 7445 9657 4723 4840 1022 5922 8393 9091 5876 3551 0550 8123 4695 2922 6523 4406
3372 1206 7651 9862 0633 01
1158 0956 9640 7816 5013 6723 9399 321
9995 4686 8150 6514 6954 4599 2837 1030 0410 5130 2
7203 8870 4467 7055 9609 0949 8065 5219 0281 5521 6047 6811 0333 4526 4923 0056 4148 8559 6587 9486 9214 77
4827 0438 8102 7801 0885 2874 3615 8338
9906 5201 0891 9122 6076 1007 5168 2793 4728 6995 5120 6042 2146 4416 7209 3723 3054 3194 7695 5638 4401 2578 6
6435 4306 14
2796 7081 7
3514 7275 9480 3464 8894 7039 9818 3745 9484 5023 6607 7893 2407 6269 1636 8020 9398 7786 4875
5968 1860 7590 6593 6431 2435 0119 3715 6205 7234 7614 5693 0362 4545 0542 9
2131 3537 8489 1895 1536 3259 4675 2880 8943 9403 0438 2260 2976 0933 4969 1930 1685 0243 1065 1318 9638
6879 0115 2119 7746 2561 7781 2406 6271 2007 7398 6061 1771 4221 8013 3249 3
1503 1331 6749 4948 0796 2586 2752 4874 2784 0766 3938 1883 6757 5245 2146 4333 4483 9480 3087 99
6604 5760 4991 7158 4895 8311 3141 8796 5577 5124 3708 5704 4769
6786 6917 2316 3619 7395
1205 4881 0927 9
9567 0217 0551 5394 2597 5114 6746 9450 6983 7988 1024 2040 0303 9460 3407 2172 3058 0005 3427 7483 923
8609 4675 7477 7620 9427 1323 1103 0480 8145 9722 9663 5588 3146 2747 1026 4593 7267 3071 8
5487 7072 3845 0229
9910 2144 4223 2194 5576 6524 4350 9335 286
8425 1957 6617 7258 9732 8077 4935 9687 3874 3263 6
8649 9735 7212 4246 7267 4820 8374 2411 0209 9989 6407 4850 9148 8259 5919 1259 0335 0248 16
6411 4
4100 5045 9687 5264 7073 7501 5975 6498 2186 1842 9162 2812 8164 58
5497 2177 7761 6079 9388 1038 1817 6296 9
9458 7583 2466 5142 0675 5980 7527 2304 8803 9957 1853 7067 98
6074 5656 7229 0311 4790 5779 7683 1959 8165 3089 6039 2903 9050 3892 6840 9412 8265 6103 626
7016 0466 0837 8168 8808 7341 1672 3858 3915 6763 0333 1354 8877 9338 9920 5962 29
6925 2539 6250 5572 3438 0783 1101 9253 0011 3994 5631 8171 3635 6094 7164 68
6447 3579 3257 4894 3956 4123 7156 9766 8580 7941 1254 6507 4518 2360 2052 9368 813
4899 0581 5475 5709 0741 8482 4165 9718 1943 9800 5383 6299 6950 9308 2436 6135 7502 7413 8610 4884 0254 53
8337 6535 7547 8618 9254 5779 4539 7019 1648 3307 4936 4320 9309 2839 9
2364 3431 1354 0706 0853 6716 4262 6290 8312 9765 8804 1044 3137 7424 7
3341 1484 4827 1872 5961 0240 8360 0377 0413 3138 5
6245 3517 1966 5928 4188 2765 1213 1733 5774 0152 7221 8655
2536 9439 7087 7081 5396 3082
7473 7564 6904 1493 4477 1139 9307 0127 3960 9743 3276 0374 1030 8621 4264 4557 8
1388 1101 5585 3764 8749 1592 6687 03
2074 1927 6044 2407 4462 0434 7675 4722 3968 8998 2084 7461 1135 5768 6011 2755 9786 6066 8372 0937 0807 52
3916 2728 6600 4816 7952 4298 8850 2014 5002 3684 4211 1352 5424 4854 9508 4492 1959
5041 5887 8321 4041 7
5168 7833 0234 6270
7834 5294 3312 2397 6401 1688 4720 0248 7636 8401 4830 5452 9037 3981 6740 8908 0
8815 0802 3340 7209 9579 0630 2882 9788 4061 0000 0881 1630 7196 8171 85
4776 6727 1334 1121 6173 2195 7358 1536 2715 2347 0297 6854 5730 2315 762
8723 4318 5646 0201 9745 8458 9778 7657 9104 8260 7150 6062 9747 5750 3771 6941 7645 789
2775 8916 5354 1862 4476 1641 7882 9876
4001 0662 1228 3866 7969 9015 5696 6946 4149 4021 2867 9983 3931 2580 1438 2199 3596 8930 2397 7795 9682
2690 1449 4497 6166 1475 8415 9387 7711 6547 6431 4219 1329 4531 2520 3886 7854 7207
8190 8732 7162 6326 4509 0835 6687 6301 4197 1609 8235 4211 9156 7927 1615 1005 1
1367 9041 6250 2297 3260 8534 4912 1029 1
7794 1308 6443 8715 1955 9045 5260 8114 3639 9394 5349 3627 9070 5058 4829 3358 0163 7911 0312 5549 5496 3229
4603 317
5644 4275 6785 7412 9357 2032 1112 0733 7861 8848 6635 0701 8822 0553 8254 4233 2320 5607 61
1833 8582 0719 8125 8815 6242 3652 4573 2935 4291 9975 1354 7557 5238 2947 4988 4760 1306 1867 02
1147 2922 8177 4202 5604 0726 5638 8784 9076 2522 4266 8103 8617 7053 5020 3585 3449
1457 2285 5168 2003 0758 0875 1786 5650 1770 6825 9781 1005 8837 6853 8199 7130 1261 2603 4045 2240 8290 17
1126 2385 6362 6450 5140 9062 6959 5240 7609 65
6797 0817 6104 2157 1357 0289 4041 9801 9379 3002 8187 3887 8120 0390 8262 2215 9864 0361 9722 2888 6897 16
3262 1493 6241 8620 1324 8463 5790 8152 9140 9096 5544 8482 0926 9625 8576 7381 5536 2394 3008 4091 821
1240 1145 0796
3612 660
1473 4090 2234 6764 1
1156 0484 4378 579
5046 8943 9129 3261 0978 6120 6146 2406 1980 9477 4300 7536 0732
1776 8259 9900 421
2675 7382 9527 2310 8480 4029
7514 5740 8741 9941 0859 8400 3725 2237 5325 5087 3776 6349 3880 6696 1546 1387 1953 2540 9868 7211 1984 71
3616 4104 8221 2969 0381 7594 4645 9690 8712 4520 0349 3041 4915 2696 0455 2175 4296 7794 9639 1346 618
3868 7192 9435 3884 1501 3248 3420 8631 0327 7657 0044 4312 6416 9268 7848 1503 0
8242 2361 6232 6568 6566 5859 4795 4143 6495 1990 4192 6793 8591 5377 15
6841 0728 9484 2851 0948 1565 0308 3677 8926 15
7504 1459 4243 1075 9141
5928 9823 4839 4142 2951 9317 8664 7856 5564 7423 7397 6478 0469 1586 3680 61
1239 6385 9726 4583 1214 0076 4016 1012 5942 3970 5761 9675 3213 6949 2473 900
7372 2056 3569 4164 7340 6301 1888 976
5347 8357 0578 4937 4717 7692 4338 9970 9523 5937 7773 2644 886
8900 4722 8387 3545 9356 7945 4782 7862 0495 2404 5276 5534 6838 5693 9360 6620 4329 9596 8225 3953 1881 0736 7
2942 4254 4147 4627 5584 7283 8618 8474 5390 5100 225
8013 5497 4425 8266 4097 3930 79
5566 4682 6804 7
1552 8905 9719 7234 2734 7654 7949 7108 6542 7034 8968 5686 0065 9526 3064 8455 7469 7151 5810 4367 6
6516 0923 81
2737 8961 5431 7826 4562 7298 3602 8755 4930 4879 8265 6578 1358 5
7168 7316 8971 32
7269 3408 9872 6851 3386 9626 2330 1841 2531 8479 0313 0337 5006 4311 6779 8782 9793 5324 9244 2042 8723 0458 71
9472 0860 2498 5581 6892 3597 4262 4138 2403 6042 7103 8954 254
3007 6314 4060 2594 3108 8861 3515 6662 2318 3906 9483 3834 2328 8864 111
4440 6836 7014 1934 3874 570
4298 4923 5728 2665 59
6783 2849 6444
3517 2660 4388
9417 7382 6868 7816 6326 0843 7466 7272 5128 5295 2876 9557 2054 9988 4810 9
8246 2963 0612 2476 6793 3519 1892 01
1822 2139 4946 3906 1008 0310 1795 7869 3454 2
5481 1189 0749 9098 5820 81
9333 5755 9127 5962 0840 7084 4696 91
3132 6681 7649 4543 5123 6865 1081 0182 8849 3105 5788 1495 8084 0755 5169 0336 2161 799
7621 3750 8617 3010 8614 5805 1786 5506 3754 7217 6507 2286 1
4003 1072 2490 7478 3014 0589 22
9494 5082 4992 1506 1759 1378
2245 5184 7665 2947 5972 0316 3348 2075 7632 2634 1807 4001 1443 9500 3462 5696 3741 81
3928 3041 6854 9768 3
8261 2993 7830 2172 4690 5661 6499 4252 5182 5432 7
7046 3668 0475 4294 4828 3821 5856 2139 3319 8211 0323 2621 7904 5756 5018 9
8085 0800 8161 3453 0956 5379 042
2752 706
7281 7294 2304 0917 0122 5486 8134 6549 476
8861 8132 7420 0279 8
1733 2418 3877 5836 7630 9783 9820 9322 4967 6592 0653 6680
8533 9483 6444 3591 0802 1998 4211
4486 5597 9092 3846 4237 860
9711 6272 2849 9991 1522 9142 5078 2082 8266 2373 8926 2988
2680 7391 9621 3311 3070 8177 2824 4461 6151 7059 408
4404 2948 9545 8748 7510 6018 5784 1528 9150 0442 8661 0401 1244 6457 6086 8320 5278 5137
2130 6323 1972 8318 5177 3
1248 4661 8318 0652 2154 7135 4669 0238 7285 8385
4207 5887 9247 4493 8854 7011 0046 3803 2542 3085 2059 3007 9622 1540 0666 0296 9277 2843 7549 5293 224
3176 3617 0368 2234 7258 6212 7457 1196 17
2573 8754 5285 6800 1849 6989 5848 5066 7407 7149 3684 8602 54
7737 0596 9119 5556 9048 0085 4795 8079 7195 0
2045 1034 5515 6242 3350 1519 8322 033
9165 1083 1682 1905 9606 0871 5260 4261 3897 3137 5833 2004 0983 8352 3385 9187 3163 3331 52
7801 8545 7216 3446 0998 7138 6617 0126 9064 6810 0935 5669 697
3178 0151 6449 3828 3147 5310 4246 2153 8404 2657 9297 2390 5784 1613 3075 7284 3451 6882 7619 2387 4313 6089
4277 397
2805 0211 0781 9200 5451 1055 2084 9451 2923 9480 3776 6810 3208 3949 1347 3664 9896 2397 5616
3989 9762 9499 2130 5602 0632 4375 8024 5473 3207 6295 0078 6703
1890 2811 9173
9883 7769 4464 4716
8881 1880 3400 7355 5762 2013 9189 4550 8078 8596 7578 4581 4100 7677 5518
5576 7444 9176 3737 7627 3528 5840 6397 4821 7578 8846 5941 4213 4858 40
1252 6591 6436 7167 6396 1767 0943 6001 2356 0245 7215 8256 4626
5539 3449 2454 2362 1515 40
9888 7825 3019 9163 7220 0832 6895 4842 4234 1463 9724
4983 9446 7453 9188 5144 7472 3704 2701 0780 3512 9715 4081 4215 2443 5058 2504 7592 9
8737 4684 7483 6882 5406 5949 1563 3465 3649 6195 4265 5972 1693 0767
2556 9639 6440 1334 5437 7034 3879 2046 3384 5932 7816 4785
9959 2719 8204 5740 0093 3046 0424 4290 9637 8398 5576 2724 1291 4988 1063 0654 5225 4
8260 4681 2467 2965 9596 9395 6058 1946 0491 2960 2246 7506 9154 2834 0
6592 0760 8092 6192 1841 2434 3082 4239 0443 6952 2817 5683 3284 2227 4
5045 2532 2131 1316 2531 3716 5762 2891 3225 4
7426 0518 2503 7246 5758 9206 2733 3611 2794 4927 3073 1110 6242 1917 3924 57
6899 0720 4125 0661 584
6304 7025 3550 7205 2021 9668 1116 9934 5967 1
9588 4070 5412 9258 1466
8072 5242 70
5634 0944 0765 0073 4847 8277 3282 6641 0205 4086 9402 7357 7453 0734 0968 1716 5410
1457 2600 8838 4357 0746 3387 7929 1
3715 8706 8440 3873 2867
7045 7104 8691 2054 1915
7740 3056 6319 8258 0236 8742 1905 0778 7893 3347 0070 9550 17
9482 2428 5629 7505 0008 8305 6770 5270 5437 5950 2839 7748 2592 7657 4397 5118 5631 3359 6
3475 7249 2741 9681 9707 3194 7913 7265 3128 7714 8467 6561 7634 6025 2138 0885 2
1897 4067 4856 1753
7767 4645 2738 1028 7505 0366 7762 3497 9309 1356 1564 6340 0083 4836 7909 8777 6431 1510 015
8926 8558 4594 4167 08
5374 2285 2689 3
4050 5748 8210 06
5215 3023 7660 4703 1943 4688 8146 7769 6489 6514 7949 8239 9894 8389 1844 8251 1920 5351 3865 1879
4936 1086 9774 3891 2571 6773 6962 0102 257
7622 8786 8278 5064 9681 1066 8860 7939 36
6846 7560 8836 2878 2978 2708 1730 5510 5952
5393 4199 5818 6389 8692 4851 2209 8589 6756
4453 5433 4919 1901 868
5765 6663 0006 5988 6
3045 0815 5680 1568 7828 1027 4286 3049 4545 8123 0940 5673 6520 6616 3311 6062 4932 314
5769 5739 0985 6258 9896 3325 3965 6187 7716 8513 1356 6556 6642 5002 9124 9225 9
4797 4874 0476 4624 8
5741 6078 6875 8705 8249 0261 2355 3286 9294 3888 2137 9081 0885 219
3070 6
1280 3742 0036 0733 4528 6207 6455 8894 4850 3367 5051 2290 3912
7468 4720 3031 5691 7373 3624 5374 0727 9260 3575 0947 4793 8689 1164
9223 1303 1734 4042 3116 3017 5807 6612 7244 0848 4297 0236 8259 5990 2837 8029 2804 1774 5013 1208 4
6936 3547 8661 6207 2364 8938 4215 7153 5986 5061 7662 5248 3913 4764 2838 7394 5225 0773 0137
7894 8980 7496 1942 4471 7437 9499 3417 6141 6431 0446 0001 3346 4277 2596
3968 6921 7860
9229 7319 1780 5417 5290 2372 2591 1353 7225 3905 376
4953 8183 4202 3923 9695 7096 7541 9762 0972 3178 1643 7330
3230 4268 5041 3799 0864 7239 6258 8160 5804 3885 6942 5933 9266 8221 7243 2282 9217 5936 1222 73
8105 1650 8514 1495 9510 5239 6449
6633 3283 6425 3219 4100 6215 6100 8652 2803 3634 3611 6304 6809 4191 0465 3948 4093 4116 3
4391 1539 5378 7446
2286 1176 0774 5
3310 5802 5196 2293
3672 6099 5619 0479 0191 6647 7397 68
5976 5219 4522 5480 2452 6275 2130 4340 0799 5115 3945 8381 4284 9252 8030 3433 5210 2704 2336 5135 4819 8723
2674 2616 7879 9570 8256 5171 1837 6198 2799 4126 8222 4093 7337 5226 8890 1901 956
7028 5985 3429 9062 8613 7421 8003 7355 3617 7565 7616 0583 8429 5946 7135 5564 9832 0716 4418 8614 99
9607 7685 1344 3702 4565 6466 2488 0784 0869 2810 4822 2477 8032 8032 7967 7348 1777 8
7951 4159 7567 6396 2809 3652 3248 2303 6326 8974 6354 0800 2675 8005 9206 8960 5630 9042
6737 4875 6535 3718 2547 32
9301 6710 8242 3363 5067 2983 7388 4560 1
3820 3336 89
8657 9572 0222 2083 53
7878 8630 5192 9828 1707 5900 7912 1171 2907 0999 1267 0905 7276 7254 4010 6394 801
5764 5245 5768 9164 6189 5786 3126 3790 19
8907 1074 9552 3792 7002 9410 1193 9755 3380 6029 6462 7112 1758 5837 4295 6692 16
8839 5785 7955 8982 0985 5937 4392 46
5966 9459 9500 8805 8965 9767 4871 6255 4455 3409 1821 4812 8323 5257 5
9882 9658 8641 3150 1267 8457 6467 9719 2985 0
3394 4985 3452 3969 6854 3160 3351 3324 5374 5343 7813 8078
2651 9605 3452 1719 8978 3474 7713 0184 1999 0371 6181 3850 4580 92
4591 4369 4010 2753 3571 3963
2532 0980 6584 2674 0394 5674 0359
7011 1310 5205 0466 2640 6701 6092 0507 6669 8159 4309 5326 7794 2316 3004 1227 3490 9367 6984 9
9799 7080 6799 7472 4328 5409 0524 2056 5259 743
1757 5276 9440 1028 6240
2080 8852 0767 3631 7608 3711 9956 5155 4032 5556 4898 7873 8996
5561 7313 7815 7969 0755 2396 9243 3275 9326 3118 2833 0555 8350 8651 2825 2461 8043 8183
9351 0427 2087 3476 5946 8549 8637 3837 8553 1282 2404 4209 0328 5703 1683 8833 2178 8548 7419 881
6244 7
8109 9288 1
1603 3835 1716 1334 5360 3814 7140 0880 5057 8373 7222 0191 2370 4947 1394 2730 2351
1252 5926 3473 0528 9141 9418 8092 8289 7036 5216 9832 7913 9036 3438 1520 8182 044
8449 8746 2529 6386 9906 1039 8072 2269 4
8114 6795 9601 3407 0383 1677 1667 4
5552 4640 3135 7708 0290 8161 4994 5345 7461 1442 5884 0974 2469 3434 1368 6456 0422 8018 213
1869 4847 6822 7475 7092 0293 2977 1568 4081 2447 5991 7821 7308 6004 1243 1202 1725 7703 0421 9175 3167 1
4212 9562 4362 5597 5283 5255 8218
8121 0183 0280 5318 9431 5472 4019 6861 9565 8498 1109 1089 3018 4041 9920 6758 9195 8567 8481 9543 0773 385
1709 6039 8894
1962 8412 5369 3113 8102 5288 0391 6
3923 9782 7689 6050 3433 60
6823 1906 7786 1740 1546 8598 5057 0110 8235 9799 751
4937 3491 0449 6451 2338 0589 7965 1422 4750 9975 0879 6226 4291 3
4467 5539 1501 0919 4554 0882 7678 8663 8550 674
6368 9837 1693 9569 9
3619 7713 2676 4971 4128 5999 3244 2286 1665 7086 9713 2776 4828 2052 8843 3250 1817 8752 6663 5361 1294 101
7148 1996 6
8470 3
2633 7561 0179 9243 7044 6176 9189 2745 7452 8813 0612 9330 7017 5776 6994 9560 2529 3552 0810 4969 648
6415 0515 4960 8969 6571 5124 3989 2413 2017 0327 6079 6243 0279 8616 3651 3696 6582 2941 0938 478
7025 9009
2407 6328 3630 5817 4260 2729 0427 4382 2952 7294 0792 4839 0576 7243 9599 0985 7777 7790 1209 575
6906 9018 956
3550 6698 0756 3741 5883 4970 7170 7541 3779 8985 5146 1320
1118 9322 8199 0500 1346 7794 9936 0342 4037 4177 3039 5373 958
7804 5217 7801 7517 0224 1422
4605 2701 2473 2210
2978 4083 1074 7865 1754 7
8948 5133
8341 5299 7593 1975 0646 0607 6348 6137 7305 8784 4845 8013 3179 5189 2725 6015 7058 6121 777
5331 4091 8836 9351 2470 8321 6754 448
9066 6173 4417 3896 2685 2051 8858 7616 6036 5175 1741 3089 3162 3231 3601 3176 0273 7671 8607 4972
7277 4956 7555 2265 1
9446 4760 4610 7813 9124 8857 6050 3523 4516 5302 6505 6926 4880 60
1333 9071
8260 6538 8585 2024 9109 5691 7564 5768 5124 7403 6257 5850 8815 3440
3499 1975 6381 6081 7172 4605 2445 3293 2668
3446 8124 2072 6346 6829 5745 3850 8031 7957
1469 1992 5419 8713 7019 3327 6332 3990 6218 9475 4032 0840 1325 9181 1033 6
1168 9815 7980 8615 9781 8935 3973 2470 5271 9057 7732 0939 3693 0462 3485 1265 4312 27
8741 1096 6002 8059 7993 8131 5748 1796 4521 2744 3873 5512 5383 2317 1041 5632 1798 6565 0001 9996
3837 2316 7549 5295 3530 7872 3706 7183 6638 5098 5845 0405 4052 6684 6503 4900 0474 3657 8383 2514 450
1360 2548 4784 0177 4930 7523 2433 0606 3353 50
7116 1120 4117 0485 0406 5419 0925 0626 2795 5655 5794 2648 0149 5134 3142 4082 9613 5503 1803 1578 1008 1767 32
2273 8141 2804 4923 8152 3183 9036 1959 8920 6763 9904 0459 5220 9571 8035
4844 2675 4843 0641 8520 7589 802
8129 8182 5364 6804 2351 7716 6136 0033 3745 6929 1220 5024 5816 5806 6270 9874 8272 1391 8959 5
7748 1088 6073 1095 5925 3200 7784 93
8723 8548 6178 1718 8442 2018 4698 3558 7896 4228 2900 3684 0559 07
6522 2487 1788 9729 1026 3629 0
9515 8026 7990 0567 9331 5612 6532 4907 4113 5822 1709 7610 7931 1762 1830 7777 86
5623 4547 1011 8239 8418 7859 9740 8432 7964 8144 2024 8565 7343 5035 5005 4153 5230 2903 5169
7774 9742 2217 7530 0907 3537 2226 1876 6675 6410 9
1742 6841 6846 2554 4140 0665 6495 7420 7984 0419 6594 5448 4484 9058 2180 4398 06
2044 1800 0657 0723 9277 5748 0850 9370 2929 9966
6722 4
7350 2009 9824 5080 6188 8122 4575 5014 0130 1196 1420 3940 7866 5430 0530
8208 282
1697 2693 9182 3696 3212 7695 3336 5473 6458 9790 7311 5692 7
1525 8214 9744 1137 5942 6083 1725 3241 1086 8319 5893 9142 9781 0938 869
1555 8718 8450 5330 3292 1658 1221 7573 8658 2645 4316 4915 5924 4026 9502 2443 1369 3144 6810 0124 8
5050 4772 0763 2319 9256 3671 1242 6920 7164 1241 3197 5501 4905 3
3920 1528 2485 6835 3225 6625 8353 6716 6419 86
9395 3315 1083 0163 7906 1674 7993 5974 8499 0262 1360 4363
2522 5247 7153 6539 3865 4911 5739 6180 5546 0865 2182 9449 2556 9427 2211 8629 3096 5212 7460 2680 2813 47
9638 5856 8054 5235 8
3813 8852 2001 3182 7833 2434 9316 6298 6515 5625 0935 4361 7394 3826 6848 3443 8872 2071 6920 9
3713 065
6241 2730 9913 9337 6692 2061 4641 4452 9380 1838 0438 8351 8078 5468 68
2355 8197 2469
2341 7498 4989 9627 7406 8625 3592 1791 204
5937 6343 9660 0202 0286 3482 8025 4929 6549 3775 3504 7762 9682 2046 4893 8531 2275 84
5256 5479 3451
4166 8685 6557 9337 3612 3749 4590 9387 8520 5959 0409 1826 0906 0630 2566 4133 2402 2780
5474 5677 8566 1429 0106 8408 3615 3154 1399 0175 7168 77
4983 8678 6917 6623 7051 5999 9910 5439 1490 9259 356
5269 7591 8288 8036 7509 1477 7510 3364 2962 6785
7595 2982 4334 1405 8751 3233 0589 0168 0672 9745 5578 6666 8497 3639 2345 6697 2565 5470 8526 7775 8160 7350 55
5907 66
6490 1700 9419 5985 8314 2562 1062 7248 9309 7669 3822 9513 7560 79
9609 0600 9
1989 9663 2713 7775 2995 2275 2159 6098 5256 9567 8778 6
5425 1403 8736 6522 1634 4078 5441 2410 9002 4967 7528 56
8486 8633 8265
3254 5390 5566 7900 9037 5316 1498 6893 4391 3980 0315 7633 7475 2427 3729 9504 9134 8779 801
3997 3013 9476 6768 3637 9457 5226 2328 6808 6432 6221 5580 5
2988 7825 3029 9285 6
7329 4437 1713 3089 2509 7683 9622 2432 9898 4536 8711 1557 0579 6169 9216 6673 1876 6151 9018 1246 8205 4411
1781 2
4896 6846 8019 4752 4144 7785 8080 4503 9539 5214 7699 3211 6351 5274 4829 6867 2946 7674 4457 76
1592 5639 3395 6640 6134 3620 0187 8079 6320 8331 2293 9630 7195 81
8517 2967 7699 1863 0438 4695
6015 1556 3762 3291 6391 54
5162 7271 2617 6703
3401 1724 4597 1069 5039 6187 5247 9291 1339 5225 9337 9658 5453 0356 0813 528
9811 0370 7647 6822 2687 6187 5237 3028 0298 0795 1310 7354 4985 1727 3470 9385 9591 102
4962 1428 8693 5493 2782 165
5570 6096 0
1944 3672 4717 0003 0804 2091 1346 3172 1809 3307 2429 4136 6757 9026 2663 6147 35
9918 5599 5456 6231 4054 6652 0818 2565 0305 2778 9882 5426 2763 0995 8230 6101 9447 7897 3442 2564 2922 9628 81
4192 1779 8445 6244 7384 3179 3
1770 2917 9873 6973 5122 9863 7439 2551 8301 7930 0555 9476 3736 8328 66
9575 9337 8013 3883 2153 7787 0734 9791 9917 4218 8471 427
6654 7553 6897 4281 9249 5702 0669 2255 8216 9887 4501 3222 0912 1101 52
1819 2432 0924 3204 6952 2332 5226 9190 1160 6845 4239 9379 9892 1831 8014 4586 8272 7493 5744 9981
3522 3138 0841 1222 7679 3092 4640 6503 5459 7455 3611 1240 8475 5148 4367 2368 0407 3760 6287 6843 0586 39
8507 7048 5050 8
7703 2661 3486 9902 4323 9890 7636 0381 5281 7914 2171 0160 7161 3503 1174 69
9411 7828 3620 4478 7369 1045 8569 3796 8547 5493 3260 0988 1876 6929 8480 5407 9863 1941 5925 7389 9
5000 6391 1464 8439 8987 4240 8912 6719 985
8514 5456 7445 3106 5477 2361 3252 7554 3387 9980 4120 0329 6520 1762 9487 6774 4758 1075
1010 9053 2203 5314 4345 1
4800 8996 0182 5611 4456
4639 1935 0876 4173 0217 5415 0509 3730 9054 9468 3962 8765 6120 0098 7744 6061 8680 0586 6
1084 3055 6529 7809 8839 4782 9517 998
8017 0978 8740 0448 6124 9004 8631 8696 8540 9461 5969 2734 6046 5328 8811 5707 5105 6703 649
1829 4107 6991 2195 9343 6353 2070 2
4184 3873 3068 5514 6619
9986 8717 1462 3753
9716 0098 5233 9743 8847 0998 6535 0649 7817 0202 7814 3016 2398 0643 407
1164 6018 7963 5991 0731 7616 5073 6387 9423 0582 3854 9272 3641 7006 6970 8
3704 6529 8469 3989 8276 4115 0857 1529 5106 3581 6094 8
1806 9862 7607 9345 6974 16
2291 2343 8597 0166 4945 0858 6835 7742 7311 5652 9324 6721 3658 0450 0468 6052 4613 9287 0462 1447
4226 7243 2165 2378 2483 7116 0461 5285 0762 2084 6419 2728 2453 4244 1760 3912 7882 1421 9533 5
6839 5635 2234 0022 0679 4274 5126 4066 3982 7580 5765 6712 713
8388 4300 6890 7330 5969
6057 0965 1075 8020 6363 8148 4711 3
5484 4214 0265 7626 1577 1195 1940 5345 2786
7443 3246 5654 0215 5708 7780 1768 0682 4891 9901 3763 7215 7938 9773 7378 8102 6642 7392 257
1056 0818 5564 4338 4632 4845 3849 9829 6922 5082 1346 1026 6940 3641 2533 456
5642 8120 5939 8557 0
7184 1912 2893 5506 7247 18
1726 8907 5840 8633 6496 7828 0076 7859 1245 5054 1369 1239 4397
2947 7307 8484 7910 9074 8776 5100 0223 2133 1594 6107 6546 2
2523 7274 3281 2623 5612 44
9115 6457 1598 4304 2484 4133 6835 1162 4376 2342 1391 6
8443 2685 9133 9114 8390 0170 3125 3410 8770 2
3866 6193 0835 0903
7975 2595 5691 7075 5149 7953 4576 2307 3221 5188 3662 6058 2651 3984 5579 1832 4715 0057 5892
1519 4309 2394 9884 3294 6246 3186 0477 883
1494 1572 3037 5260 0966 1027 7872 4027 6382 6066 4633 9669 6525 3947 7022 2550 1212 491
4614 4469 1999 7641 5655 7371 9392 4255 8474 4491
1626 1108 7885 4419 5968 3810 3191 2894 2414 3733 6029 731
2874 0739 523
8321 5700 5316 1999 5348 7299 4476 98
3139 0828 0094 1049 9306 1611 1183 0173 4922 6487 3620 7748 5456 9571 8009 5046 5265 5554 5391 6
4597 7934 4093 4893 0756 0047 9415 7164 5987 5791 2282 0004 0808 9660 0706 9118 5
7915 5814 1171 7679 6925 9327 1916 9453 9748 5644 4551 5090 9
2819 7611 558
5966 3043 0124 4955 7354 6339 4965
4288 6960 6403 4447 9835 8656 7463 3561 7587 9783 2301 9355 1890 8097 5121 8541 6201 2923
8216 9856 6673 7789 3835 6235 8203 36
6824 6809 1816 3641 7213 0431 1105 5645 4211 7
7822 9471 0708 6599 3152 1668 8771 7054 2222 7429 7672 7
1671 3138 2061 4650 9340 7062 7437 1836 5645 9415 3058 51
7598 9364 8038 3391 9154 6374 8547 0229 6933 9142 1672
7700 7559 1308 6151 1895 574
2389 2899 7444 8329 3408 8690 5677 9480 2745 8497 9129 3510 0391 3185 1151 3176 7484 1128 9792 9
1448 0085 4466 8172 6726 0905 3044 8443 1954 2328 5138 0359 936
3898 7008 3213 3783 9162 1380 1341 7462 9557 7794 1680 2663 0491 0633 0589 7280 8150 2498
7930 2431 5749 9579 8180 4927 6094 0851 6452 0424 6719 8545 7363 7400 2415 4612 0021 2755 4697 6616
1115 4037 4192 4489 2517 6609 8466 9634 9708
6899 1359 3203 1964 5002 6208 5
9097 3891 3557 8964 9341 7116 5826 2461 0225 115
5093 6954 3262 2716 62
4597 7318 5655 0566 8
7167 1697 8138 0810 1015 5315 3405 1604 39
7135 8840
7748 5405 1848 7364 9837 8062 8362 9245 7470 8850 1327 8345 0905 0957 7229 2909 7148 5586 1635 0401 528
9449 1838 7934 5340 9923 3416 8945 3781 4097 7599 5258 1340 0726 2945 5483 2161 0229 4330 151
5130 8413 6283 4773 8408 4435 6530 8557 5923 8443 1351 350
6324 0105 3
4359 8200 6786 6452 5352 3882 0760 081
8819 8021 2344 8776 7643 6865 4836 0828 2338 5856 2971 4218 7319 4507 1543 25
6102 3562 4729 1858 7655 6004 7345 5941 2957 6591 2619 87
6778 9400 2090 3807 3834 0
2409 2200 8467 6788 5801 9741 9988 9
8035 3523 1280 6875 6149 5595 7911 8339 6390 0998 7086 6074 5563 6501 3218 4873 8679 7559 0774 5406 9617 67
8941 0510 6559 4464 3502 6246 1088 6978 3405 7963 6211 5783 3455 3757 9998 5750 9285 6857 2217 470
9709 5806 2873 5763 8523 6453 6559 9344 9545 2824 5768 3234 5885 8138 8350 5566 2412 0001 3726 4
8773 7308 6331 3155 8877 5841 5211 1875 5107 1391 3281 6012 8
7583 3295 7003 3086 2001 6990 6780 4680 6147 1144 6439 2155 2777 6338 3340 1776 9180 4996 2817 9
5394 3881 5381 5312 3694 3040 5160 4
7106 8708 3195 8782 7155 1494 0517 9596 9463 1199 8934 7749 7955 7439 6747 7741 3238 7724 2312 3954 2453 0201
6216 4975 4169 8962 0932 6947 9893 0324 9011 0779 8217 3510 9488 7013 5220
4715 0682 1853 4540 4040 9573 6633 7339 4967 6868 9119 3984 1295 8305 4579 4498 16
3496 2720 8093 9582 5210 5229 9912 2931 4193 6442 6802 6687 4043 9937 3021 4742 224
8211 9636 0
3596 1994 9468 4516 2346 4978 4976 0016 6627 2119 8158 0756 8001 2254 5091 9393 1745 613
3846 8168 0329 0563 9673 7081 7097 2897 8155 7450 0658 6119 8658 1293
4884 8862 4341 0200 9893 8159 8019 6329 2199 0991 6540 3165 7532 9590 5725 6745 7472 1832 5961 1675
5721 7291 0858 6901 3225 0818 7481 6961 8081 8271 9529 4193 4459 4059 3954 2395 9611 7819
5616 8830 5648 5845 8994 2149 3350 9434 2584 4912 2355 2558 9684 29
6463 5537 4032 6714 6736 4413 9471 5136 7087 1445 1415 2147 8397 2093 7909 6359 1211 794
1345 3160 060
5772 037
8417 9432 5520 7766 3057 0063 9804 8937 7579 5216 2649 6106 1646 126
5321 1323 1166 2742 6184 1769 6109 9449 4957 4228 01
2381 7149 6382 4567 5502 1664 3583 4413 8632 5779 3928 9526 6355 3013 9737
4146 4418 8729 7234 4045 5776 7235 5627 9111 0525 5564 1889 6594 3358 3829 8649 3080 0826 6864
6045 1956 0058 7169 5044 45
4330 0576 7620 5061 1279 5852 3854 9211 8565 8276 1119 7854 4779 9220 7649 3
2419 9053 1333 3456 5231 5767 9241 4387 5665 0292 9781 4
3775 1507 0781
4804 3186
7770 358
1913 7625 6557 0989 6622 4521 3511 21
8182 7961 3741 8972 3421 7855 9925 4644 3740 9538 2032 6795 0191
6736 1035 9074 3394 2778 9014 4624 9321 1925 6225 9819 8477 1378 365
9155 0458 3535 6722 6392 6273 1613 0827 6551 3672 1101 1038 9089 5635 5498 2559 5676 2698 7990 0969 4634 6
6705 9894 9842 1207 8776 4960 2207 6001 7175 6010 8471 4082 5345 6496 4035 4944 6694 7671
8999 0332 8892 7362 2153 8769 8535 3933 4741 5958 7399 5744 7871 4379 4437 5995 09
6747 2409 7094 4376 5187 5490 3822 4528 3759 4703 1300 7182 9940 6959 3955 4603 6017 9686 9
2307 9818 2123 0958 9211 1434 0200 2119 8580 0337 5746 4117 2345 6453 9340 793
7834 0622 9793 9307 8885 2400 7153 8444 5268 7225 40
4113 2232 1870 1096 9170 4241
1920 2961 9410 8297 8904 6979 3558 0480 8513 0555 9384 6583 6478 2561 5275 46
2036 1315 6593 1692 8905 9024 2878 4725 8
7874 8562 2974 9196 5234 4590 3446 7882 9047 1180 8655 0930 3135 0763 4155 4948 224
1832 4849 9663 1132 4619 4162 6268 1183 7621 0
7901 9042 3366 9582 7977 2
5219 8899 6165 5318 9555 349
8348 7567 6515 9033 1206 2267 5527 1002 7416 5129 1511 3428 74
2185 2273 0932 5317 126
7897 9302 3382 0316 4488 7984 6888 9771 5360 9326 6291 0257 2776 2
1403 3494 3733 1369 0730 5916 8652 0135 0084 0806 1224 4165 0687 0233 3163 2083 00
9232 3292 7626 4356 2757 1441 4049 5983 7867 8097 7727 4325 2802 0802 3601 7229 4
9705 5894 9157 9421 506
5607 5066 2783 2788 3029 8265 6860 3790 2060 1755 4385 3252 6919
1089 9644 8178 4899 3140 8472 6988 9245 2434 4056 96
8368 3756 2738 9971 0026 9144 5592 1391 1486 8224 2667 0084 9489 7398 1
9337 5207 2623 8555 6180 9773 9200 9032 6002 7477 9729 6993 5688 7157 793
8342 3014 0355 3445 2660 73
1543 1671 2883 8490 2940 6890 846
7188 8252 5572 8531 2599 0994 7432 4268 7648 3849
6609 3810 47
9135 5393 4866 3110 7301 6093 4400 8063 7026 6508 8785
8010 7391 4868 5746 9726 198
9080 0365 9139 6313 3373 5341 9564 5591 5723 0049 0840 9487 4436 7379 4624 9675 1312 9391 9296 0393 4248 8307 82
6295 3727 1493 2850 8832 5878 9
3357 8168 0650 0943 5012 9684 2376 2938 1
1218 9751 4245 5588 0300 37
9472 2403 6055 1488 2191 1217 9963 8842 2220 1740 3762 9939 8602 58
5327 9987 7479 4414 7645 0
2005 2219 6776 3638 2628 8690 3115 5435 2229 5916 3669 8759 4881 3575 7047 7669
6438 7052 6110 8845 9409 4004 4513 7190 40
7484 3503 1466 3781 0460 4569 2528 1321 7416 3653 4235 1733 5660 0050 0515 0424 5738 7682 6584 6410 9532 9328
7013 0355 1355 6371 6635 6628 5530 5258 4743 7894 9122 3659 1875 408
6732 4745 8319 8829 2658 5348 3430 8612
1976 2315 5443 2547 7465 63
6646 3254 4464 0954 0452 1001 2426 6298 8209 6116 7314 5627
2483 6752 6565 6118 5644 1600 4351 5523 3376 9954 1591 9717 6737 8792 6503 4747 2011 8864
4399 4451 0478 5928 4814 35
1272 4016 2330 6601 0638 5309 9297 2321 8254 9544 6557 1032 4436 0639 7022 3647 2761
2807 3176 7716 8603 8299
1351 5482 4138 2317 8811 3490 8197 6296 5156 3418 9509
1219 8602 0733 0182 1865 3234 2842 0503 9637 4036 4931 4441 5765 2696 4364 1224 2993 1429 788
4985 3997 1201 4786 8485 4792 2106 6918 4630 0299 5531 3450 1592 3086 0330 3435 8517 2064 0813 0438
2220 2236 8023 6722 1763 9021 5773 0338 6450 6825 1217 37
8986 8934 7799 8899 6634 9422 3479 7619 3733 145
7793 7697 6291 6535 2019 1948 1287 3703 9330 2765 0298 8573 4305
6637 1183 0614 58
7859 7460 2796 6693 5416 8568 5684 7983 8810 946
8338 6466 81
8046 0762 7720 2054 7008 5999 1678 0512 9708
1291 3971 2598 9669 1247 7136 0377 7750 6149 9687 3216 5199 2053
8040 8946 8412 6111 3120 2159 0641 4044 4609
1954 4604 4892 6817 4888 8283 1572 4587 4509 4980 1484 5076 2875 61
5669 2821 6012 9516 2109 8564 2640 7802 6114 43
7829 8845 7645 8284 2059 6333 3100 2172 9885 8803 5991 8201 0192 2378 4779 6376 3790 1732
1055 4891 1078 4352 4839 5233 1520 9069 1613 1077 2
7555 4509 07
9306 9636 0648 9640 9677 3725 8067 0141 7285 0440 760
3779 9407
8113 6798 9858 5499 8262 0870 1151 2392 4399 2750 3104 8475 0429 0947 5405 1824 2677 5814 3
2749 4262 7748 4710 2723 6235 6458 5979 7438 5246 2538 798
1418 3600 8026 0043 4792 9
6666 4957 1762 2794 8057 0497 9036 4953 7357 7737 16
9676 4552 49
4630 1838 8860 0281 0851 2137 7
9620 5914 2257 7851 2113 7654 1150 0
6420 8052 022
6602 2141 8770 7722 43
5171 5446 2681 6360 4646 1734 9165 5649 3974 9327 0455 3130 3871 1456 9250 6494 46
2323 5554 5935 3454 9246 7977 5454 3377 3384 6261 5987 6907 8314 5788 7378 3074 2159 8966 2571 7472 132
9201 3642 9620 0941 1083 6297 1966 2478 9620 6117 3724 4150 4051 1550 2531 4129 1412 8697 3581 3933 25
2575 1021 0963 5847 5560 3884 9770 6413 1279 6663
5027 2217 2778 8801 6242 5299 6954 0770 4468 3048 9264 8
7379 0603 9198 3571 3086 0286 3433 4967 2626 9105 8541 1168 0155 0638 1517 0974 9637 7653 9674 4178 477
6917 1119 4685 4691 9768 0835 7377 7642 8381 8461 2401 4963 8360 0876 7630 8483 5120 1
7629 2443 9002 8501 6625 3177 2357 8871 3260 1111 9897 3266 9476 0
5855 3569 9298 9137 2106 9072 1954 6942 3901 1
2424 3128 9634 1375 2270 25
4153 7357 3154 6242 2082 6476 354
2129 7119 6987 1328 0551 2169 0196 4082 8931 77
2116 3222 4219 9579 9851 8444 9659 6938 1522 8329 8916 73
7154 3359 9326 8533 8519 2144 4908 7835 5129 7309 9405 3734 6072 7783 2182 9043 8702 2288 0656 2546 1128 6
2387 3465 7190 8059 2819 7780 3622 3868 781
7213 6930 7971 7739 2161 3784 0793 9119 8851 9425 9552 3114 2219 8680 3125 3762 2277 9259 3601 6076 5823 59
4272 5184 9307 1829 3683 2194 6156 3539 1227 5161 6096 2631 1260 8772 2595
5318 8420 5429 8598 8113 3734 2032 8754 1930 7990 1222 4155 1197 2021 5060 9415 3881 4774 1
2598 6971 7994 4408 7975 9622 2507 2184 4541 6334 4245 2596 5225 4484 7535 5769 23
3508 3935 2418 9573 3049 4570 5409 1751 5252 0758 0
9675 4501 4909 5934 1253 3170 3571 5344 2696 4248 9680 4957 6834 7633 8566 8233 0108 3771 8289 7493 33
6854 8262 5172 0620 5888 7873 0993 8650 9711 3370 2938 1129 5596 7187 3224 3200 4261 8425 8572 60
9839 9610 1477 8309 7362 1531 6163 8411 0246 1966 0495 2488 4305 6170 0007 5643 3320 6160 6880 252
9109 8308 2089 6613 2719 6013 1184 3951 093
3966 0780 0297 1722 7143 6224 8722 8111 2634 9222 3141 1724 2525 2468 1490 0104 1604 3854 1579 8648 9471 661
3104 5605 9204 7008 4095 2269 1650 3246 8334 9703 8327 3338 4106 5633 337
9731 4752 5939 8672 6142 0026 9259 4148 3956
9525 6124 8150 2793 7573 1937 9689 7094 9660 5965 3228 6245
7461 5403 6871 9797 89
2519 1356 5582 9467 0154 8445
7936 7550 5029 5012
3204 0112 847
6764 0737 6910 0847 2350 5377 5199 2709 3260
9299 5199 7322 3085 83
3037 4360 6900 8843 6332 4229 9
6546 2224 3709 9289 7018 4124 7521 6957 1254 8967 5607 9854 8260 962
8472 4203 5525 5791 5735 3099 7
8876 6069 6463 2341 3061 1289 8678 6668 3841 5622 6461 6984 3623 9634 2253 2225 1934 66
9367 5175 5617 5430 0686 9476 7410 3616 4511 4080 8561 7433 4602 9649 1100 7513 1431 7504 8697 4973 0947 57
8096 2859 4820 1911 6100 8148 0
2826 706
7369 3843 0601 4798 9627 8743 9862 5426 0782 7112 1444 5956 8638 4568 2197 0742
5760 0776 5777 0727 0217 9041 8570 2121 6254 0081 1243 8101 7788 4845 3372 5882 4633 1201 1490 5469 11
2403 9661 4075 5405 0234 3216 5612 7176 9549 8500 7695 3161 0551 2132 5006
2168 1902 6122 9815 0297 3868 7674 2356 2997 8609 2513 2071 0391 7483 5804 9645 1084 4914 7768 927
9534 5878 0547 3072 315
7607 2819 3935 602
5890 6470 9520 9276 9603 75
2123 1397 5012 4543 5483
6164 5465 9574 4248 5606 3994 7975 0057 4756 2599 4429 0087 3736 1792 2506 7350 6898 9654 7931 2203 7
1314 2258 0976 1406 6181 6454 5527 2239 6228 336
7743 8539 9251 6138 8879 6868 1680 5369 9017 5532 8718 9922 9877 0264 4542 3654 91
6025 9517 0358 1154 0853 1909 0390
5388 4378 5181 1815 8043 5276 1785 5679 0747 2042 4113 3856 0581 3083 9164 4132 8668 9778 6
2464 9101 3092 6420 8463 1394 5857 5799 448
1848 5721 8989 5067 2429
7827 8831 5747 0210 4754 0116 6988 5629 1386 1602 8516 4473 9268 9768 7981 6156 8901 3686 3846 1232 8989 993
9277 1309 2099 5890 7772 3219 7167 3956 3770 50
8851 0278 4036 5065 6122 2319 6659 5225
3308 9107 9503 0448 6051 5240 3388 3661 8115 4770 1354 8523
5505 7762 6613 9273 7876 7107 0606 5771 2710 7939 3064 5885
9043 69
1987 6527 6263 5114 7245 0276 9946 5256 3884 0232 2757 9637 0060 5161 7215 0317
8418 5516 8915 7251 2978 4840 1220 2541 2047 1910 5889 9659
8889 4572 8076 5448 0157 8473 0639 1143 4151 6
7471 7315 0047 7579 7415 1497 5271 9038 0830 0911 0987 5777 8599 0953
4629 1759 4181 9041 0299 6575 9470 8628 1148 1431 3509 0169 3767 2289 1866 0664 4635 469
9028 5051 6149 1498 7795 2549 1588 1286 3603 3972 068
9836 1986 4254 6522 5733 4262 6456 3845 9510 8015 0966 4009 1265 1868 4052 9569 3645 4754 4729 6892 8822
6917 8930 8317 8173 33
4930 4777 5181 2001 5136 8197 5836 5865 9473 0241 8105 8456 7014 5275 4036 5253 4
8421 3007 7982 6923 4922 8239 1564 1921 9277 0370 9789 9892 2605 0560 5236 3130 6519 0073 8338 1957
3085 9426 6805 8058
3838 6832 4223 1887 6567 0823 5943 8752 1580 9028 5670 5131 2576 6631 8734 2967 0015 4272 7594 6059 545
2554 5827 0475 5607 9911 3803 651
1719 2290 9788 0368 4021 6622 2168 5652 7324 3938 3096 0344 8342 1287 8324 4501 3868 6924 5939 1926 0398 975
4545 8357 0855 3046 9234 8949 8719 6501 4711 3105 3855 0272 2
7197 0541 5174 7915
1155 1647 8208 3683 9671 1180 797
8754 0367 0638 8119 6146 0841 4944 7787 5494 5872 2734 1355 4664 3158 7403 0878 1207 1263 4937 4135 69
4681 3035 4390 3751 8424 7022 0017 569
4674 6922 3531 7228 1512 2944 5757 7746 4367 7753 0113 7548 7468 2034 7325 5763 6851 5156 5267 1
9119 1393 0592 5765 6328 8815 0383 3734 6288 9350 8453 6794 1575 2073 1076 0290 5642
1872 7995 9972 0688 4297 0670 6180 1440 2913 6321 6793 7833 7814 6476 5633
6339 0241 3003 4885 8595
6692 3085 1564 4746 7893 4498 4692 9503 77
3973 1583 2681 6524 0413 5186 0986 6150 90
3058 2551 6592 0764 7830 6363 9507 2
2308 7435 7845 4273 8969 4141 8958 1523 8065 1081 4035 1
2459 10
1081 9058 6037 5174 8918 0733 2823 7766 5337 3611 3802 2875 7301 6785 4590 9601 3543 4564 9593
2864 6632 4809 6288 2714 8001
5326 906
2811 7700 1071 8213 7777 20
7589 1018 1357 5948 521
4374 3156 6349 9151 3569 3863 1643 3995 3807 6696 6134 3020 7541 7106 0030 3670 9
2222 8983 6155 8328 6726 7884 9714 1340 0670 6052 4856 4080 5855
5486 3939 6963 1
4491 5761 5089 6222 6467 0891 2643 5362 1945 1576 9506 8689 1054 8299 4322 8587 4245 1358 4767 3362 8016 1867 4
4047 4754 8534 5515 0387 9684 1323 5814 7671 3326 1764 1504 2405 09
6806 5864 7507 8436 1619 0616 2712 02
2085 8783
3705 1177 0
4987 7
1126 1941 0933 5428 1346 5745 4324 9341 8
4981 3564 0326 1089 8083 1322 5386 6660 2714 8484 3187 8213
1124 8240 7056 3993 1477 6363 8260 757
1484 0138 2096 3385 3657 0996 88
4863 4398 9448 8422 7124 1622 9782 9535 2727 3370 9805 3
7054 4895 9142 12
7846 0164 5652 3640 7313 3027 6662 881
9740 1028 1429 6847 0835 5313 7699 6304 8156 2824 3429 0202 8727 1992 4201 4185 7758 3155 4396 22
5826 6904 2493 5007 9932 4791 1819 2143 1954 7492 4025 5830 9492 60
1335 0215 8230 0357 5049 3335 97
3549 8570 186
7008 9266 2769 1210 1795 3555 5121 9434 9400 9909 5952 6237 4629 9925 9344 1065 6255 21
4290 14
2877 6120 1944 1831 7088 6716
9695 8409 6055 4603 6821 4846 7568 1616 156
3906 4568 4861 3697 3024 4645 3220 3036 5976 8870 3367 5480 1556 9231 9562 7418 3894 0455 7487 753
9883 7269 2903 5448 4287 0721 5660 117
4504 1385 2438 1904 8487 8104 8957 5773 5655 1866 5581 7327 0244 9371 94
3379 8007 5377 9347 1673 1169 7992 3948 2902 9709 3412 0394 0804 9232 0169 6069 6982 1203 4563 9755 9135 781
1056 8006 1550 5183 8653 0073 5261 5809 7487 7559 5445 1491 1370 1842 1691 7140 6879 4419 3744 25
1832 2532 1114 9362 6696 6531 9131 9964 4582 1569 80
8834 5198 5875 6295 7986 0916 3106 1891 1035 1138 4838 9429 0505 697
9933 0893 2777 8964 5587 9424 18
4749 6201 6453 13
2877 7148 2385 2500 4002 5811 7075 4110 5260
7054 7886 8158 9882 8541 7528 0426 8020 6597 4780 2451 3348 7
7211 9456 0762 3476 1510 5203 6322 1564 1729 456
2717 0206 7044 4900 2282 8721 9149 1676 5543 7551 1905 7526 3879 8520 2473 641
9737 3249 9416 3979 7790 7280 8892 0663 03
8808 8509 3871 3831 0494 1509 0427 7815 4685 9453 0504 3064 6336 9110 5
8622 4554 2252 2123 6076 0070 3023 8538 5011 3028 2218 0527 8121
7662 0792 2017 3942 7799 7843 8192 0362 5871 2843 9545 0016 9566 1719 7936 2
5370 2499 7935 5859 5876 2818 1002 4820 1922 0689 0070 1077 4968
5170 4209 1453 5807 0308 9941 5606 4446 1
7059 9551 2185 5177 8021 2458 0186 4133 6525 2627 5380 1357 7879 6926 6548 1112 3208 1860 9417 0202
6801 0671 3512 8270 9810 2762 4067 9260 2495 5
7494 6481 0167 7000 8
7729 2243 1229 2392 8889 7731 2077 0586 6098 4009 1399 3764 4379 7686 479
2155 6105 7399 0858 1991 8931 7759 3949 4780 666
6518 0294 7648 6018 6432 2189 2644 2317 8773 2492 9043 4054 0085 5806 3199 6986 3036 7540 5915 4775 1
2693 9997 8116 5592 3765 3342 7294 7838 5744 7519 3034 0921 5602 7795 63
1795 3782 7330 4358 6616 1821 1292 7501 524
3381 5304 6888 5412 2878 9099 5835 5443 0918 8807 4540 7755 9927 29
6713 8752 4324 3930 3040 6152 4828 1186 1118 0975 1961 0995 2236 6374 0554 7544 1
6752 5736 6847 9914 5841 5947 6144 9508 0150 5191 0941 5388 5942 0670
5040 9928 2640 9790 2979 0184 0120 6512 4571 6096 2830 3609 6253 8552 6908 6215 38
7378 7120 8032 5127 3558 6273 5931 7223 3407 1124 4429 1922 4702 9531 8321 9188 07
6954 4913 6745 5115 2906 2226 9006 8015 4192 7663 5470 2693 8606 9881 0294 81
3289 5956 6970 4224 6424 7403 2398 8923 7724 2979 1403 4896 9208 5768 9562 8863
5450 6708 0710 0481 5386 8850 4494 4261
7361 2753 2365 0669 6729 4683 8085 9523 2622 4563 0814 9275 7461 7698 0253 2895 6175 4642 675
9671 5375 6364 0122 1628 5
2459 4752 7943 7930 7462 1262 4275 8053 0382 7111 4555 9738 672
8237 1426 3224 4769 4218 6122 4807 2810 2500 2896 3599 7323 1563 8298 2547
4836 4069 7190 1
8628 7693 2458 5743 6876 7952 2175 6158 8038 4421 5053
6563 4553 4895 4882 9769 1431 9343 6367 4956 3763 1800 11
7547 9638 99
9176 7088 4575 0623 7274 1217 1576 8636 9348 0027 4221 9465 6013 6030 7171 8436 9894 7823 5413 3969 6628 1301
5885 9803 3681 6767 0649 4823 4403 2598 8496 7783 8838 5214 8931 5866 8390 9816 8882 1428 4242 0976 700
3767 9144 4139 8491 9813 1641 9649 9649 9
9729 5103 4371 3680 6173 4419 3520 1519 4
2420 6362 0127 8967 5750 6545 2926 6716 0132 5124 6
6125 7926 2609 1830 4353 9333 9973 6498 4856 1358 6441 1243 5594 6807 1838 0714 0355 4298 5752 2286 4473 7326 55
3729 0269 6612 9086 7730 5400 2148 6
5260 7257 8536 7494 2582 3265 2577 4734 5274 2517 1721 2254 5809 1155 4171 4786 8548 6434 0996 4314 0113
6891 3975 6591 7627 5622 8448 7964 4
3265 4962 9244 8108 3199 6266 2983 2102 0524 7
6458 3741 3763 4692 2525 6001 2712 501
9881 9797 7255 7681 4456
2822 0259 1082 6511 3864 9277 6487 9181 1677 7706 4738 9605 5246 0427 9289
3451 1136 5083 6828 4733 2694 3397 2356 8955 2244 541
9014 3877 1499 5692 1202 2141 0625 8062 9937 9344 5366 4393 3918 9494 6309 0754 3264 4246 6459 8835 5919 82
1588 7511 2513 4873 7023 8784 2473 8535 1198 4496 2772 3402 2541 7131 6488 6384 312
5055 9683 0338 7603 4909 8908 3088 2201 0625 2771 0088 7640 7056 3602 9916 5780 6
1719 8585 9968 6035 6548 7783 7
2842 5120 0562 1983 4413 0645 5657 9545 8341 7775 633
9674 6488 0434 7506 3060 1429 2303 8373 2017 3561 0870 3842
9974 7565 7373 6345 3787 2882 6524 5294 5860 6906 7727 3419 3364 6364 6642 3244 6109 1
7127 7133 6116 6587 5775 7260 4751 0080 0838 7252 0568 9283 1933
6376 6047 3223 2813 9365 5814 6803 3097 4348 0734 413
4768 6070 9119 6955 0987 8319 8416 2816 3079 3747 5404 2
7156 9170 1236 2205 1987 3621 8931 7672 0501 6623 5877 17
2109 0890 4728 5877 2992 8806 8168 8096 9355 5395 8228 6960 0945 3457 7780 8727 0039 6649 2406 557
6347 5479 2783 7063 7743 913
6018 5993 0789 8963 4072 9026 7169 8167 9808 7525 0352 0314 6913 9995 4825 1713 8306 2
4902 5507 9767 7910 9486 5249 2706 3173 7763 1210 2255 1116
2937 1728 7119 5899 3741 2121 8132 4661 9088 6482 1376 6540 6809 2390 1617 5624 8096 9703 6798 3668 2
8051 9044 1811 3236 4649 8977 1119 2047 3893 8835 6480 5151 1351 0081 4826 7932 3449 2
8902 7495 9107 8132 3160 8127 8966 5066 7476 3599 4156 9067 4579 2073 7654 7731 0018 1758 9360
5194 5408 3472 7715 6838 4132 9692 5184 0678 0010 13
7525 1411 4175 4872 1855 3728 7556 4996 5905 9595 9747 5399 5248 9
6294 25
7207 2786 0291 9232 4589 1607 7557 9759 0921 9800 2070 3113 4
1855 1492 2528 8234 0197 9911 2805 8082
9752 5259 7057 2029 9715 8953 8436 4507 0484 7566 7074 1989 6337 2
3252 9177 4719 9302 9534 4558 2595 9662 9195 9210 8539 9079
1471 4543 8457 4052 3071 0114 9890 8277 8910 4552 7709 76
5828 6678 1476 2840 7145 6760 5278 5162 5253 0233 2301 2206 9639 379
7629 2939 1346 3857 7995 5142 1049 8996 6414 8517 4127 1542 2746 8099 2526 6135 9027 2719
2318 9703 7140 5636 4220 4306 1868 5178 1086 7132 5358 1772 0279 7286 7173 7395 1450 773
7590 4424 24
1833 8976 6413 8822 2712 8007 9035 4754 6749 7752 4495 9997 2569 4171 4653 8529 4561 7
9237 0736 8645 5713 8033 48
2544 0542 5980 6864 6509 4008 8897 0722 9067 1675 4653 9616 1230 7189 9649 4025 3445 7749 3923 1245 6533 596
8115 5761 5969 6314 9647 4944 5246 1929 3308 0954 0140 3527 2261 8658 6513 9636 3353 9
7994 5108 3798 0876 7676 5812 7465 8473 3867 6503 4359 4486 0817 3037 0095 0720 8418 1531 7593 9242 6429 3509 0
3176 9460 6468 3562 5788 5908 7728 8865 6861 4356 9553 8654 4231 4787 8091 2314 8207 4019 6586 3415 4717 8280 1
5569 0145 4946 4564 1886 7084 5982 8839 8711 4467 9976 0417 4320 8827 0383 0012
2554 2871 4685 7863 4925 5075 5604 4742 1373 1223 9008 8337 3992 0614
6600 1884 7182 0465 8993 0586 1178 1953 6070 5588 2740 6169 6218 3324 7330 4237 5143 7490 6339 7636 6893 7781
7634 4070 0166 9421 8420 0986 5595 4563 4932 274
4613 5446 396
8108 35
1777 1211 09
7697 7583 6571 7724 3435 6807 6179 5663 3716 2499 7174 5074 5387 3133 4773 9079 60
9557 8446 9675 0996 2819 7108 0279 8410 4624 9996 2469 6717 3003 869
8800 4989 3704 3911 0457 7386 3193 6216 6082 8451 6852 6303 8959 4632 2921 8389 2057 0286 8772 7273 8140 2
2975 1078 9458 8240 3630 04
2786 8846 4179 2592 8499 8534 6470 6166 9506 1814 8584 8834 1420 998
3770 0213 8114 5244 0182 3126 2127 0147 6539 2728 2174 8815 5234 4411 8262 9089 3262 2648 1729 3035 511
7367 8401 4346 4167 0722 8724 1148 1283 6585 0
8147 4306 4802 2361 1812 0827 0
1926 2645 6283 5523 2764 0241 0054 7631 7755 5923 8633 0672 3211 7177 0336 1501 0830 9720 2278 7
1268 1878 0232 0878 3921 9390 6288 1016 4152 7369 6612 7
1777 7840 9106 5548 6143 6880 8114 0623 3973 2885 4940 2923 7588 3732 5865 9895 7954 4334 1751 4575
9507 7953 7262 9817
9768 4407 7013 4014 2163 4478 8286 9093 2931 6540 1537 7279 6737 505
1095 6376 3395 8929 3022 5347 5803 3873 7645 7867 3195 6519 0206 9421 8601 4429 5909 5166 0225 105
4667 6982 6548 8275 5101 9140 2
1145 2152 8296 7560 8308 3
2103 1453 0308 2110 56
1085 6799 1550 4136 3455 6689 9991 3155 7488 9485 7451 6177 868
9644 8674 5953 6292 3359 3539 6869 1908 2949 2294 9058 6900 3687 30
5356 5951 8225 7650 5032 9432 4476 1524 3515 0783 8642 9767 8656 4162 6204 6664 5752 31
8367 7044 7757 4933 0507 7005 1427 1
4973 1049 8358 5543 9657 9235 3526 3648 7090 2521 3602 4986 736
4237 5495 6134 9261 0398 9715 1399 5965 8167 5221 7959 3806 8492 1468 7250 1426 7883 5024 453
6033 3258 5770 0541 3203 2323 7331 4783 3130 9356 9249 0857 6939 5548 8
1821 2961 9387 3179 0164 8793 5814 5093 2736 9636 7216 0840 4010 76
4971 4037 8930 6750 4299 8053 1468 2373 1164 8102 5738 1395 0833 9837
5638 2083 9125 5143 4172 4464 0367 7636 7272 6861 3238 2449 1506 8828 8823 6314 3
9590 1843 5430 8030 5477 3377 4159 1049 2052 9026 4830 9582 4427 6371 0094 653
3883 5333 5176 8142 1501 6347 5197 8987 3061 4179 0989 8551 4905 2297 465
2622 4970 1305 875
8836 1880 0309 3490 4340 8230 3592 8312 8415 3547 0601 4495 4810 7023 2756 7343
6883 6945 3733 3311 90
8106 4487 3957 2105 0103 7334 3315 3034 1173 9760 9775 7398 5179 6730 4189 4227
1462 3507 2191 9684 0312 4340 7871 8744 7046 6777 9156 788
4508 2013 4615 1201 8356 5173 4814 5655 4502 1032 7229 8561 6400 1033 3186 5934 1675 5398 1641
6897 0868 7910 2593 0372 4373 890
1070 0373 2952 9025 5947 1160 0333 5755 0773 3629 1890 7012 4369 7974 0852 1573 752
6884 057
7299 9926 4857 25
3642 2752 0679 8857 9339 5889
9138 8913 5218 2126 8984 7084 5125 7484 0057 2834 7772 1829 6153 3007 5437 3283 15
8647 3012 8764 8811 4077 0289 1629 52
5145 6457 4687 5959 1199 5135
6349 1257 8857 8576 5759 8768 5512 0488 1373 0828 4820 5026 7471 0406 2
2642 6462 828
4583 6133 5292 3114 4696 9175 3667 0000 9798 2359 5996 8106 5800 4729 9783 1259 1530 4763 8387 6315 1224 015
7540 1617 7709 8864 0138 8214 9677 6033 20
3462 3930 4112 5845 2842 0795 6621 6318 0709 4377 7218 4008 9742 8926 4206 24
5021 9109 3008 7530 9819 9023 3344 7533 3244 1553 3721 4308 5694 6354 0
1327 2294 5801 3491 3663 8016 4653 0327 0161 4736 3440 00
7496 4200 8551
8132 3720 3359 9435 4784 6246 3
7271 5034 5053 6938
6945 7265 6976 6322 8531 1581 7512 0057 8451 2169 6689 4894 2693 6848 8592 6139 5294 3437 3501
7748 2457 3721 2628 1441 3836 4017 5522 9115 8970 4346 7826 4455 8853 9023 3140 7323 4634 4762
9402 7562 4943 8530 2731 4102 8757 7151 8369 4556 1243 8877 0156 0478 9269 5600 1978 1
7693 2845 2829 9456 8037 1602 6861 0669 8100 1886 4514 0189 8636 7995 7450 8292 7628 5052 2016 9075 7
8485 3339 9132 1317 9666 5323 1075 9111 9311 5393 0001 2629 0729 0760 9978 0397 64
3043 6465 1755 3822 0234 9059 9409 005
2470 9385 4768 9415 7363 5558 1724 5369 1128 5366 6888 4831 8255 8096 3742 8290 6979 7109
7170 4295 4107 572
2491 1809 8301 2487 9041 7993 6804 5871 7182 5144 7
7105 8876 0575 4232 2194 6381 6855 0545 2300
4658 8380 7118 4774 8406 2808 0549 0393 8972 3602 6500 59
5430 0469 7051 6983 8008 4462 9808 4672 4323 575
7728 9470 4222 5839 4713 0992 6569 3261 5297 2276 8927 5417 7368 8689 2389 7309 8186 0273 9913 9022
9046 6238 3322 4725 6862 2471 5735 6013 1464 1979 9220 7716 1605 6
2419 0006 4377 5582 5809
2769 1048 0331 9454 5733 6235 4283 1496 3726 8227 7245 2288 0066 8331 3690 41
9295 3593 6835 4886 9338 5521 6259 3815 5051 7170 6501 9667 2755 1467 2190 8314 3375 6582 1031 2957 17
6094 4845 7610 0865 0364 3901 0823 5038 8924 3
7113 3291 0
1433 0057 7127 1083 668
4094 1320 3631 9021 8691 2529 0984 4718 1846 6425 1345 7165 1063 3923 2609 5878 0119 5862 8409 1982 1085 3883
5054 9676 1825 6822 9847 9316 5046 1416 4688 6904 6324 1904 5595 5704 5124 6727 7737
5787 9302 1595 1152 6680 8732 3595 1719 5
8915 3186 9353 5423 5841 8477 7547 5346 3461 2220 8209 4310 9173 7
2843 2853 6434 6346 3550 2051 1744 3795 0662 8644
5220 0068 2440 1693 7776 3812 3126 3671 3022 3218 3304 2838 4195 0458 0987 0
6665 9
1843 7477 1610 5801 3500 1891 6308 7977 4234 1870 4783 9267 9040 013
7098 2262 7028 4372 8576 776
2096 0398 8570 9042 4167 1962 2
2877 2171 4856 6749 2571
8275 9220 7061 9347 0299 4401 0448 5004 4200 2105 8209 3473 9736 6959 6861 5733
7286 5784 3253 0814 3251 4317 2793 8973 3379 8699 6269 3356 5586 5226 7544 3147 0479 2287 1539 6131 8623 75
6140 0956 4178 5837 7607 2653 3144 6184 4673 1034 0062 7866 2960 4893 4792 1
4777 7436 9949 1397 3627 9004 2264 9459 0062 3450 9489 1067 8709
5650 8830 1962 6859 3810 1269 2202 3931 7417 3921 3711 5008 5893 9021 2694 3629 4186 979
5166 7682 5831 4592 2490 5342 1773 1722 2622 1396 4008 3475 3600 5029 8141 4156 6365 6
9711 2477 8300 8600 4048 2403 2118 2526 4112 3607 7976 154
6680 8807 2067 3150 0909 3885 9618 3747 7092 4662 3753 0974 2
2210 7906 5297 0229 3291 5185 3805 9377 6386 0068 1883 5562 6483 8483 4925
6907 0467 9583 6738 0144 4238 9345 95
4317 2297 6520 1160 0121 2879 8776 7784 1833 2580 1554 4193 2891 1355 5527 8552 8357 7695 3761 2643 50
9403 8911 3749 3855 9142 9700 4297 2352 05
3788 5092 0410 5012 4578 7147 1648 2134
5092 2984 8908 1181 4545 4397 0098 6245 1449 0008 7874 4654 1757 6383 3350 5700 2024 2583 3677 0195 1188
9143 3071 2782 5491 5241 0017 4861 3394 9343 3438 2075 2486 3209 8458 4611 2678 0039 5231 5442 101
8646 6902 1021 0830 8545 1771 0958 5986 7141 5880 0587 0525 6497 9192 2695 9948 9254 4276 9433 51
7611 3529 5912 9021 5142 0781 0215 3861
5770 3960 2252 0558 5320 1029 5322 7936 3301 0000 0371 4998 6513 2136 2833 0058 24
1717 5764 9093 0324 5173 1337 7219 2596 7617 3519 6040 0422 446
2733 0967 0163 4742 3397 8376 6999 9058 5521 5366 7015 6009 1655 8719 8438
7122 6162 1163 4405 3497 5949 2
1949 8970 3499 0849 9365 2729 2227 3050 2271 5032 3760 560
2440 9386 4886 7343 8735 2306 7521 1
7215 5293 91
9570 6014 2846 1196 0021 0507 1322 6455 4557 4086 1532 6551 6615 6242 3135 0759 8930 5606 1471 8280 876
6468 2284 0474 4378 9822 3101 3869 1286
5539 1361 3415 0537 6921 2358 3105 9915 5177 8507 7695 3726 4562 5242 9803 3017 4285 0603 858
9626 3207 0689 3302 0616 8652 9292 8859 7979
9782 8822 4566 4737 3821 6468 2196 3323 2050 6970 0920 8115 2607 9184 4649 9036 0633 34
3732 8196 0174 3566 6368 7108 4147 7835 7834 1010 5650 7300 1
2205 2202 7378 4747 2490 648
3097 9166 3889 1352 7620 4897 2376 0462 9430 8352 5743
7247 3855 9114 4212 0623 4522 2482 6036 26
2970 5213 1375 5029 7925 6674 5585 7938 9643 1772 2439 83
5892 0461 2308 7368 3604 4140 5451 4604 6195 9
6710 2874 9631 2895 16
8509 3272 4765 5968 1481 2348 4330 8602 9603 0898 6331 6743 4962 8137 7621 4118 7799 6423 287
3389 0361 4469 3575 3214 0028 8361 2027 35
3253 7
9182 7334 8856 7188 3245 6400 5122 172
7553 3468 5279 7994 6608 9076 6253 1519 8845 8058 3673 7038 3066 6954 6821 0350 3637 9110 3263 5355
6271 1004 3803 8391 9467 1099 9465 3898 2028 7011 8155 3870 9252
7378 3111 5935 8172 7289 3200 8921 9108 4791 2311 0485 3046 5195 6882 3062 0942 2850 8649 7776 6114 3107
4234 2
6510 4531 7969 4786 0
1312 9186 8478 7177 3308 4916 8
4009 5133 6560 6678 3895 6650 7847 4337 3554 0371 9609
1872 3328 1742 1821 3453 5079 4747 0167 9655 7348 4962 4339 5482 8146 3227 3354 4923 5856 9994 5741 8236 0
4585 5737 3198 8925 4863 7147 6889
7970 8463 4762 8597 0110 64
5031 6465 9946 8921 6210 17
1473 3013 7312 4213 9882 6108 1686 8670 9362 5
5483 8662 2663 6
1357 2345 5644 7924 0354 7976 4967 9192 0416 9537 7704 9139 7417 3221 9
8513 05
4163 5946 3219 9633 8586 9133 9205 6651 4156 6159 9019 6076 3713 0501 0682 2322 5356 550
9740 1785 9137 7289 930
6895 0223 30
3939 7228 7571 0998 7896 6766 7021 9845 9930 5821 8693 63
3340 0737 8086 7422 0648
4050 2570 9935 7269 2287 0557 9464 9785 2098 5159 5338 8793 4124 5569 2199 42
3426 0964 0663 1600 6999 6487 2627
8725 0129 5766 8120 3107 6016 4716 8023 6992 9807 68
2188 2971 3434 1072 4203 4644 4699 9353 9901 8261 0139 5024 9895 2380 3384 7185 4317 795
9971 4585 8860 1490 8442 8076 6460 0746 4146 2228 9453 4562 2996 3799 1346 8515 1034 6583
4040 2476 4701 6419 2272 9662 1110 1053 9261 6237 5423 3065 3910 7223 6292 0132 4182 8060 493
3856 2177 6445 5400 4492 7718 5475 5219 9635 5795 7733 5320 3528 5697 3741 5481 5784 1576 342
4158 0320 7035 0724 3926 4863 3120 9774 1
8270 0828 0587 6789 4350 3719 3549 9752 7847 0637 0490 6785 0215
5321 3237 1
1521 4154 6188 7262 4129 2315 2698 052
5951 8937
8218 5277 7214 8191 3987 3602 5446 8248 5819 9721 2513 7069 6497 0318 7684 3600 3544 0379 7193 0
5814 1282 6159 5299 7775 9810 4759 8511 0043 9456 4976 1425 0197 5353 6945 1977 4
8745 7590 0727 1766 7120 0856 1284 1086 0489 2138 2017 2133 1
2144 5924 2161 7724 2549 6871 5025 4765 7524 9562 6470 1237 6194 4749 8578 5807 8038 7199 7688 0358 9087 331
7989 3134 4505 6226 2462 3975 0090
5942 2277 2425 5634 9844 5818 0155 6810 8624 3904 3412 3243 1854 4216 4862 462
2079 3264 9226 4726 723
9673 52
4297 759
6758 4387 2167 4877 7715 7808 04
8035 6758 0657 7432 5
8912 9890 7411 0510 7327 7971 9575 0850 2608 8023 4505 4357 7380 4275
2752 7819 9145 6409 5936 09
9904 6840 5054 0412 0130 1695 5878 5244 0914 1854 4731 0553 9600 4511 2953 0587 2556 9194 7782 4171 74
5326 5158 3655 9916 7715 6304 1030 7125 2794 3507 9943 0672 90
1279 5244 0222 6746 7470 5070 9238 6708 0318 0333 6663 5932 38
3837 3097 7031 3024 8427 0442 5655 0244 31
7580 8339 5407 4984 0353 6405 7179 0089 7827 3744 7353 6161 4999 7638 4767 8693 2105 3057 5042 2857 3343 0925 1
6391 7134 5200 9123 3014 3502 6140 1029 4162 2429 5884 8113 0493 5109 6442 178
2517 9362 5456 0489 2816 6844 1315 9691 4943 9230 5931
9628 1937 5960 3006 3838 3619 9250 9668 0571 03
3107 9033 8969 7881 8282 1543 9158 3851 2175 3577 8202 9581 0965 7658 7470 1973 17
5828 0984 6630 7912 7660 2759 2163 1222 2570 6230 1897 8505 5087 5826 2232 8476 1940 283
5680 8941 7242 1790 1935 8701 9631 8161 8534 2988 2226 7591 5457 2790 4723 0716 7812 0760
6762 3094 9402 6954 3504 8129 2572 3651 9065 4
6013 4060 5085 7339 0148 1823 0948 6369 8472 4682 5133
3481 6338 7521 1265 6561 5450 9105 5471 3706 1612 6669 0884 1115 7113 5688 1064 2202 4
5350 8319 9
7427 4883 3520 1500 0363 5298 5182 9771 8718 5834 0910 6245 9361 9117 7890 1357 2892 6815 0103 2096 8826 2
9996 9056 8758 1409
2073 1541 8375 3190 9497 3909 1963 6335 76
9075 5961 5521 9559 7579 9486 2541 4344 3397 7815 1790 0040 9379 8
7676 7497 9504 1558 4838 2138 0351 9995 1116 3335 6864 8832 0173 4295 0142 1633
8258 8198 6121 2776 5884 7611 8704 2833 8059 6143 7481 1058 8520 1058 7
4215 3292 3893 2757 5255 2174
5276 0955 5203 4535 9642 2709 4539 7700 3487 2886 686
8417 8465 0290 0978 4605 4526 4578 5117 2884 5652 08
7996 5678 1557 2766 8623 1323 7991 4773 9555 8479 8977 5435 7127 8922 5569 1877 0873 4377 8936 9199 114
4977 3
1576 3658 3005 3076 9820 875
4763 3145 5306 5876 3667 5455 9083 9770 5103 2550 0414 9861
3492 0043 8896 5707 2428 8520 8742 1231 824
3650 6023 3380 2989 3293 1335 2010 9312 0814 5500 8317 5569 4925 6370 6549 1550 8443 7290 3271 7350 591
9588 9292 9305 4421 0956 7497 2875 5271 5916 4924 0240 5077 4004 7201 1861 6779 8163 1280 4942
3040 6
8372 1764 3948 9092 2941 8374 2187 6482 4529 3608 3353 8678 8
7364 2598 2910 3898 6652 4876 0585 9626 4898 4536 1341 7989 5903 3997 5223 8912 5614 4894 7953 7
9437 3934 2855
2211 8737 9415 9813 7999 7701 1103 7027 2399 0535 4307 9795 1206 0999 0818 4009 834
4557 0488 8000 9727 8345 5727 2411 8123 9003 4534
1970 2272 0686 160
6350 4668 7985 8039 4633 7341 6657 5911 4683 97
4054 5986 9151 8587 1430 7334 8180 7507 7333 8533 8178 9085 2155 3445 9869 8165 4396 1038 4707 0576 0
9058 4723 8484 2649 562
5370 4712 7260 2876 4074 8164 2663 3189 2626 9326 4918 7756 4106 1674 9967 2925 7
2665 0550 3760 3405 6193 7391 3085 38
1155 5216 3539 7589 2798 3345 1032 4282 0416 2064 6583 1519 4158 0053 3169 8535 8538 0202 1714 4291 49
7269 3315 0086 1908 9795 3927 0175 0321 7562 3032 3418 1994 8213 6504 7463 8657 2177 5935 7715 6586 1871 818
9827 4334 7815 40
8020 5599 2055 1258 2908 5801 6442 4221 4283 0702 2855 9519 4550 6945 8547 92
9508 0338 5104 8267 1715 2886 9189 0076 2595