81 29 2477
27 86 2040
84 16 8961
24 94 9136
83 92 7616
90 77 6899
11 48 4247
23 66 3926
27 62 9084
55 61 745
35 8 2614
32 73 6877
78 63 1118
60 82 9206
71 61 4205
34 51 9707
45 56 9524
57 23 4454
67 100 8627
52 29 5207
80 86 4676
50 2 7631
12 46 7073
86 85 6806
34 11 3765
59 71 2629
6 32 4826
74 55 3118
65 56 7124
55 67 8044
50 41 6670
71 31 8240
81 89 1678
79 16 5148
6 8 4993
51 67 1851
57 93 7312
85 40 7296
2 20 2932
85 58 2763
75 44 525
77 81 6492
49 64 4501
94 77 3259
20 28 6958
93 62 6188
97 93 3009
95 47 1734
30 50 1683
77 23 9137
30 96 9041
29 67 5802
77 49 5095
96 15 4169
92 95 5876
16 35 138
60 69 7721
96 4 6971
77 86 9658
57 53 1672
49 5 8816
76 13 90
69 5 9613
57 89 2531
1 44 1222
53 56 9574
73 81 9825
74 79 5835
65 89 7346
39 62 9874
64 22 3055
71 71 1424
34 91 2066
13 41 570
12 52 3656
18 50 8490
4 52 5613
22 53 6970
74 97 4357
24 79 5436
9 43 6073
30 20 5956
10 53 3726
40 70 8212
19 5 5944
73 58 710
97 1 7950
60 79 1005
64 83 6509
79 3 1583
51 97 4394
73 61 3923
76 99 6805
94 48 3665
12 7 4608
95 26 6478
31 23 6438
51 35 3619
34 73 1810
85 63 7249
53 10 9628
24 52 9485
12 28 5644
70 60 7102
89 98 2392
95 89 4444
93 67 8911
18 13 1794
32 58 5553
1 34 7247
56 85 7889
20 96 4429
22 22 8583
4 41 1912
28 91 6099
63 64 1455
87 30 4580
82 58 3436
36 98 7768
41 44 220
46 70 9893
22 94 4725
93 13 8285
35 61 3216
44 42 7710
8 5 2221
16 87 7015
10 65 7696
15 8 5200
29 44 6031
12 85 2401
81 54 5408
56 24 9422
92 74 7394
1 34 864
36 32 8563
84 3 6058
87 24 4751
25 68 7253
41 72 8768
75 64 6886
57 23 2281
77 83 6523
94 12 1965
67 15 175
51 80 6378
12 39 1266
81 11 2719
46 82 2362
76 72 6295
78 25 6944
20 83 5031
32 64 3311
47 26 7702
21 94 7714
14 13 9606
78 38 6036
76 31 6737
67 26 2130
25 100 8750
34 47 1169
94 29 8481
40 37 8385
66 10 8305
3 5 5314
80 84 2439
19 72 1928
74 55 7819
39 26 1292
73 96 2480
91 9 3193
12 86 1129
38 99 1579
79 65 7467
78 2 9935
97 79 359
12 89 9535
74 42 2663
58 76 7721
74 57 4950
51 53 946
91 4 9369
61 38 2581
55 4 3548
7 7 7881
90 77 326
15 15 6528
71 69 5547
44 22 5334
29 63 2032
26 4 727
95 64 6394
65 45 5369
88 2 1241
33 28 9116
81 91 8353
38 33 7644
95 75 2349
75 14 7824
2 87 5585