111111 000000 101111 101111
011111 111111 000100 010100
101101 111100 011001 001111

011111 001000 111011 101001
101111 010001 001001 100010
101011 100111 100111 001000

111000 011111 010110 110111
101001 010111 110111 011101
101111 001110 001110 011100

000100 000100 101111 100101
011101 000011 010111 010110
101011 001001 111011 010011

110111 101000 110010 010101
000000 010011 101101 111111
111101 110110 111010 010000

100100 001011 110011 011111
110101 010011 000101 001111
011100 111101 111100 000001

110001 001001 111000 001010
111111 110001 110011 111011
111110 011111 011010 011100

110010 111101 011100 101001
010101 100000 100110 101000
011010 111100 011101 111001

100100 100101 101110 001111
101100 011101 111111 001101
011101 100111 111110 010111

101111 011011 110110 000000
100101 101010 100111 001010
111100 111010 011100 111010

010000 011001 001101 100010
110010 110111 111110 011101
000111 001101 111000 011011

110110 100111 111010 011001
001110 010010 001011 110100
101100 111000 111010 110101

011111 011111 110100 011010
001111 000000 111101 011101
101010 011111 101111 100010

111110 111001 001110 000111
011011 010110 011101 100111
110101 011000 001101 011111

000111 111010 111010 001011
010100 011011 111101 010101
111010 001010 000010 110110

111001 100011 110101 111101
010111 111111 110110 011101
001001 010100 011110 110100

111110 100100 111101 110011
111100 101010 111001 110011
100111 001111 100111 010110

111100 011111 001100 110111
101010 101110 101100 010011
001000 001111 101110 011111

101100 010101 101010 010111
110001 101010 110001 101111
001001 000101 111101 000010

110111 101010 111011 111111
101001 101110 110110 101100
001101 110100 111111 010011

101011 101111 111100 111010
111011 001010 001111 001101
011000 110011 110100 000001

011010 101111 111110 111010
101110 111111 101010 111000
111101 111110 111101 011010

111011 101111 000100 000111
100001 001111 111111 110111
111100 101100 000101 001111

111110 011111 111001 011110
110111 111010 101101 010111
101011 001111 100110 101111

110101 110101 011111 111110
101100 001010 000101 011111
101110 010000 100111 111010

111110 101100 111010 010101
001011 111010 010101 110001
111010 111101 001100 110101

110011 011001 000100 110110
010101 101010 000100 101010
100010 111110 000101 001100

101010 011010 100111 011000
010111 111101 011011 111110
011001 101111 010110 101001

111011 110011 111101 011111
011101 011111 111010 111111
110001 011011 000000 111001

111001 011110 011011 110110
110010 110011 111011 100111
001111 010111 000110 110110