79 52 100 61 54 79 85 83 69 79 46 69 69 83 81 88 69 64 64 74 77
63 85 62 95 64 59 57 45 72 75 54 97 72 87 84 95 96 51 81 73 65 97 100 88 85 64 58 67 93
91 92 85 77 89 99 85 73 73 93 73 82 100 55 46 75 82
67 90 75 74 68 89 69 73 64 41 67 82 47 72 65 69 65 64 62 66 64
52 80 86 69 51 100 53 54 77 55 44 74 59 61 79 61 65 64 97 91 81 73 77 87 71 79 97
61 48 78 82 64 90 57 71 84 71 90 58 100 51 74
66 91 59 58 54 82 57 29 74 73 65 62 61 67 84 82 70 51 84 72 75
100 71 73 63 74 61 61 74 81 58 36 66 88 88 77
38 82 100 32 71 78 81 96 70 58 89 92 66 78 41 91 58 80 80 75 98 67 56 48 93 44 83 40 91 58 71
81 79 68 81 76 46 81 52 88 84 69 100 100 44 94 75 84 73 73 66 96 57 80 76 75 57 84 53 75
91 68 49 73 62 59 56 86 89 57 64 92 81 62 85 83 74 61 74 81 96
67 71 60 51 85 59 76 94 90 92 50 74 82 78 100 66 81 36 69
67 91 80 94 62 54 86 81 65 77 83 87 51 50 61
76 60 78 93 79 67 53 61 71 51 68 95 73 59 86 50 68 74 72
74 82 56 80 86 72 73 83 75 67 75 67 69 49 83 80 58 100 97 58 98 76 89 64 71 85 86 91 54 78 74 81 91
80 63 61 100 52 49 79 72 81 78 88 43 95 74 87 78 91 87 88 100 72 71 60
81 92 73 90 61 70 70 63 83 60 67 59 91 72 100 79 67 61 80 71 78 77 77 57 76 79 67 78 65 66 70 69 68
80 41 68 75 66 85 76 96 73 66 79 82 84 70 61 77 81 71 81 85 74 100 91 49 54 63 48
76 58 41 59 62 100 93 71 68 65 96 81 63 49 95 66 91
78 81 59 80 81 69 97 80 74 35 73 75 87 78 76 64 82
100 100 66 61 82 79 59 59 94 91 75 68 82 74 82 72 58 58 88 54 68 100 46 91 78 45 79
86 72 74 84 100 65 63 66 65 78 100 71 69 57 100 83 85 72 72 73 84 52 70 81 75 58 63 74 68 45 55 63 73
47 70 92 75 100 58 99 72 68 93 100 93 77 97 78 73 74 100 54
59 55 99 91 54 77 87 77 69 80 82 90 85 76 61 74 100 83 97 75 95 74 56 99 43
81 78 63 57 86 95 49 76 100 71 61 73 86 77 61 78 63 55 69 66 71
59 68 67 78 84 81 94 98 91 81 65 81 76 79 81 87 77
73 62 75 86 67 76 82 95 55 75 65 72 79 81 70 52 92
55 83 74 87 51 70 74 65 50 87 76 99 91 92 86 52 56 68 65 100 56 87 56 100 64 84 56 82 87 97 77
81 67 50 53 64 77 57 24 72 100 82 66 48 70 64 62 86 68 91 89 65
67 63 92 69 56 56 72 72 79 70 100 57 89 47 92 44 65
89 78 62 77 84 85 43 85 51 87 82 67 75 53 77 82 59 83 63 82 64 97 98 67 86 95 74
67 76 85 100 72 59 97 44 81 86 54 91 60 71 44 58 100 61 43 43 86 100 68 63 65
100 67 60 79 89 66 75 90 70 85 81 67 72 80 83 79 45 81 77
55 93 75 82 89 93 74 82 85 63 75 65 87 73 74 82 51 81 58 68 88 43 73 68 74 65 87
75 95 62 87 79 52 75 87 76 75 74 86 89 94 82 69 51 100 56 71 80 71 62
47 80 65 77 97 84 61 82 70 78 41 76 72 91 75 77 69 69 100 70 60 90 61 34 86 71 86
56 68 69 89 83 76 71 70 77 72 92 62 69 59 60 100 75 79 78 80 68 90 62 73 82 96 97 100 82
62 82 59 93 80 86 70 85 88 76 60 90 90 64 55 62 100 39 73 64 67 91 80 90 88 98 72 73 64
47 67 72 56 83 75 72 80 100 77 81 76 57 51 35 68 78
66 82 68 83 74 69 81 75 67 62 45 86 93 77 72 78 84 92 80 40 71
100 59 100 91 72 63 77 65 62 87 67 54 72 54 74
57 65 58 85 75 57 65 63 81 73 47 100 87 59 76 88 86 100 69 92 62
52 86 58 98 70 71 71 77 56 93 67 74 98 49 73 72 100 78 70
80 82 63 93 100 89 62 67 61 98 82 97 69 100 54 97 77 80 87 70 75 76 80 56 91
62 56 82 74 91 74 76 66 87 61 77 82 39 80 73
63 76 50 78 51 71 54 78 68 62 88 93 77 75 91 74 100 100 92
87 58 77 76 59 88 47 96 66 79 95 67 58 68 81 76 66 95 62
72 65 58 84 66 46 100 69 63 52 93 70 54 86 43 80 70 54 75 58 69 98 83 66 92 81 86 91 35 37 85 68 77
67 72 100 45 60 91 61 82 63 80 76 77 60 79 91 68 71 89 75
82 71 86 94 83 59 89 100 68 89 94 91 62 80 83 70 50 84 92 74 70 76 57 55 100 86 48
77 99 70 76 84 64 76 94 47 73 69 77 73 100 66 70 86
69 83 84 46 85 100 91 89 68 56 91 66 56 62 77 89 55 73 66 94 78
64 84 99 75 68 76 63 89 58 95 97 55 73 100 54 91 81 87 87 76 71 100 92 62 56 73 75 64 60 77 62 75 90
66 85 70 86 92 78 60 56 65 66 72 74 81 60 48 62 75 100 57 95 92
70 53 100 99 88 53 63 60 89 78 96 100 50 88 38 79 68 71 74 78 78
60 83 70 68 70 82 37 84 75 35 77 67 36 71 75 57 93 100 63 82 76 66 55 85 61 57 63 56 49 85 43 73 83
59 81 80 66 62 89 97 90 70 88 69 90 59 65 100 92 56 67 68 84 62 90 71 82 81 57 75 67 79 62 87 81 66
82 97 45 69 100 76 86 95 72 76 71 80 70 46 67 88 62 100 71 79 72 86 88 68 58 62 81 55 88 95 72
74 86 77 71 44 70 82 71 89 66 64 51 65 89 73 92 29 96 100 62 63 70 79 70 68 59 65 100 100 88 55 46 95
58 68 72 51 75 60 81 78 58 80 60 54 56 78 57 69 71 69 63
82 94 99 73 67 76 100 73 85 75 48 92 71 86 55 92 96 65 78
60 79 52 88 58 88 80 95 82 67 66 78 45 66 71 87 55 75 60 86 57 100 77 95 88
59 63 76 87 60 57 72 57 100 80 84 89 69 72 71
64 65 74 89 83 77 75 83 66 60 88 88 71 72 78
71 75 95 88 85 83 58 91 53 67 78 50 83 79 72 76 94 59 81 63 62 86 63 76 93 79 81 65 54
87 71 68 100 49 52 75 49 100 77 75 80 76 78 80 63 62
84 63 54 75 68 82 65 60 98 67 89 65 100 92 100 84 81
57 68 83 85 48 63 76 60 100 60 42 68 85 70 91 81 76 82 45
85 84 75 88 60 55 72 54 69 58 70 82 71 93 73 75 66 69 100 100 55 84 76 96 77 72 73 74 89 69 95 60 93
93 85 74 79 82 81 60 60 71 62 88 69 84 52 78
68 66 67 84 72 71 79 71 77 60 86 66 76 66 58 64 65 72 62 64 70 78 69 89 93 64 59 80 90 80 61
73 76 54 97 80 85 65 84 85 93 82 60 81 52 79 66 85 89 72 75 53 81 58 69 58 93 74 99 93 95 82
63 95 76 83 62 74 76 66 55 75 71 58 67 91 84 47 47 69 87 93 58 51 69 84 94 84 70 83 73 54 66 68 79
77 69 81 93 84 59 79 58 75 86 96 66 58 64 73 79 74 53 89 57 87 59 42 73 89 84 75
58 29 55 100 88 92 95 82 75 93 98 83 82 82 67 95 93 64 74 79 60 67 77 51 72 92 62 78 74 92 77 51 81
78 77 57 82 99 59 80 82 91 77 72 100 57 86 73 98 100 64 93 78 35 71 74 41 86 77 55 100 83 100 71 94 91
50 65 75 67 100 81 65 73 94 82 76 83 62 50 84 76 79 51 53 70 90 71 65 82 79 76 78 94 85
92 66 56 91 61 70 74 65 58 78 78 81 67 87 63 76 79 80 71 99 69 57 67 81 34 97 54 88 51 68 64 75 77
82 87 84 78 86 78 74 93 76 95 47 68 93 48 66 65 94 77 48 75 60 48 100 100 79 71 59 100 53
61 70 90 89 57 63 86 81 94 83 89 99 74 64 86 61 64 68 81 69 96 76 62
51 71 72 85 86 81 77 48 100 77 80 66 67 90 87 64 95
86 82 100 66 78 68 84 73 66 86 73 100 79 94 60
59 72 42 46 75 46 63 90 67 76 94 79 78 71 56 73 65 72 71 63 66 61 95 81 75 54 53
71 47 70 76 100 70 65 100 64 72 92 64 73 89 89 63 78 68 70
42 65 72 70 90 63 67 76 73 83 95 56 67 94 89 70 62 81 100 31 95
79 75 74 89 55 66 67 71 55 96 42 90 70 90 86 76 76 80 55 92 83 58 87 90 72 88 70
53 90 86 89 73 71 98 100 61 83 76 98 67 93 72 47 95 63 100 83 78 73 70
67 72 71 78 76 79 42 90 73 48 70 66 96 57 69 98 83 70 99 48 66 66 97 76 52 72 54 81 91
91 84 58 68 79 79 64 75 92 58 77 68 68 50 95 73 84 62 59 81 82 65 89 98 62
98 57 76 83 70 87 68 77 100 80 80 69 59 71 71 87 85 80 83 77 61
75 55 81 86 90 100 73 100 87 74 69 89 64 64 65 76 65 31 76 80 99
80 63 65 75 76 79 80 66 71 100 89 73 81 78 100 74 82 71 67 71 58 100 76 89 77 83 59 67 99
80 74 77 43 61 90 100 52 61 68 100 73 100 85 82 57 83
59 88 70 75 81 99 60 65 77 75 75 100 100 80 59 53 64 80 74 71 76
88 68 100 80 94 65 68 66 72 88 73 70 56 76 82 81 67 92 62 86 61 82 60 77 88 87 81 94 79 80 59 73 70
95 72 62 76 65 54 46 70 95 70 55 65 72 45 84 81 100
79 68 88 83 67 71 100 95 73 90 58 97 98 68 67 96 36 85 50 79 99 79 48 95 59 67 72 70 52 68 64
56 93 79 80 68 63 82 98 76 76 68 72 55 94 98 60 60 77 69 78 71 81 66 99 100 60 71 81 81 100 60
90 71 85 62 59 86 78 36 77 67 93 77 74 71 89 47 84 93 75 29 53 66 89 83 71 83 67 39 83 57 92 67 100
73 100 66 70 85 75 72 89 44 77 60 92 71 87 54 79 88 100 90 75 78 92 62 76 98 63 85