8 11 17
10 10 19
1 15 16
7 17 15
3 18 2
11 20 1
4 6 8
3 11 18
13 19 3
19 2 17
7 13 13
18 8 1
3 5 11
6 9 11
4 6 3
9 5 2
19 16 19
2 11 12
11 15 15
14 9 9
14 2 16
2 13 8
4 18 14
10 2 13
2 11 12
16 11 11
5 20 19
16 19 5
18 1 14
16 5 12
17 4 13
7 5 18
19 19 3
3 15 1
19 9 6
11 20 1
2 1 10
1 20 16
9 2 17
16 8 18
8 1 2
18 2 4
7 13 14
3 3 8
18 2 9
10 18 17
15 14 7
12 18 5
10 15 2
10 6 1
1 14 4
14 10 10
2 13 11
17 1 18
9 10 8
2 5 14
9 6 12
4 7 9
12 19 13
6 10 3
18 15 7
5 16 10
11 3 10
18 12 18
9 6 7
6 5 3
9 7 18
15 20 16
12 4 11
8 6 5
16 2 13
16 5 11
18 14 3
17 18 1
5 17 8
12 13 2
4 20 4
7 14 12
10 2 13
14 12 1
2 19 2
16 3 1
10 8 9
18 2 4
13 5 20
6 10 7
4 16 4
14 19 19
16 15 14
19 11 12
7 10 12
9 10 1
11 15 19
12 1 6
1 7 15
11 10 14
16 10 16
11 11 20
17 6 17
18 7 10
2 12 12
12 1 12
2 17 13
6 10 5
13 16 6
1 7 12
18 1 4
15 8 11
9 19 18
9 1 1
13 18 11
5 13 6
7 5 20
16 5 16
2 17 2
14 9 3
1 7 17
12 8 14
13 8 10
7 14 19
2 14 20
9 11 6
6 17 2
11 16 7
5 10 6
7 14 14
20 18 17
1 9 4
2 18 7
20 2 6
12 8 10
18 5 2
15 12 7
9 10 18
20 17 13
11 20 2
8 15 13
12 8 12
9 13 13
18 18 20
7 4 16
2 14 11
18 20 3
6 9 3
18 2 13
10 13 20
14 1 10
16 4 7
14 20 5
13 19 14
7 16 10
4 6 6
16 1 1
9 19 19
5 8 1
17 2 10
4 19 13
19 5 1
12 6 4
2 20 20
12 17 20
18 14 14
2 20 17
8 13 5
11 4 20
17 5 15
6 14 6
11 14 4
3 18 13
12 15 10
6 12 13
16 1 17
6 12 8
17 9 11
2 5 9
5 1 8
19 1 8
15 9 9
13 6 8
9 17 7
9 19 17
10 7 11
10 18 4
13 5 19
13 6 8
6 9 3
5 12 9
16 11 7
6 20 11
15 2 14
11 3 20
15 2 19
19 9 6
12 17 4
18 20 3
4 4 8
15 5 2
17 2 10
8 16 15
9 1 18