DUUUU DUDUU DDUDU UUUUU UDDDU DUUDU UUUUU DUDUD DDDUD DDUUU UUDUD DDUUD UUUUD DDDUU DDDDD UUDUD DDUUU UDDDD UUDDU DDUUD DDUUU UUDUU UDUDD UUDDD DUDDD DUUDU UUUDD UDUDU UUDU
11 8
29 8
120 8
33 14
110 11
3 18
46 19
75 13
123 15
1 5
102 18
51 15
1 8
7 10
1 18
43 11
74 18
1 20
87 2
57 6
4 14
44 15
121 7
113 6
55 20
93 6
40 2
17 20
95 11
73 6
75 6
27 1
125 17
81 8
100 9
1 10
45 11
87 11
73 18
27 19
22 20
110 9
83 1
17 14
20 6
82 2
130 6
91 7
1 15
39 10
23 7
84 14
36 16
1 2
1 4
33 9
1 19
67 3
1 12
1 17
81 6
163 6
166 16
33 2
93 6
113 1
1 1
34 20
1 10
41 20
7 18
102 13
47 9
14 18
18 3
82 12
97 9
48 11
1 18
60 15
57 14
101 18
47 17
83 15
22 9
34 3
55 11
74 15
7 15
1 11
78 16
1 18
35 19
61 9
58 2
46 16
85 11
64 9
68 1
4 9
1 20
82 5
1 10
69 14
1 8
35 19
6 11
49 16
1 6
104 2
111 11
70 9
71 4
1 16
50 20
49 7
103 12
1 4
93 12
75 10
23 10
99 14
189 15
77 13
69 20
73 6
1 10
98 14
26 19
36 8
77 12
88 2
43 10
13 18
78 5
38 1
90 20
27 16
42 15
92 16
29 15
1 4
1 15
102 1
32 20
97 19
104 19
146 6
3 17
81 13
105 8
31 18
4 13
35 17
54 1
19 3
85 8
1 14
115 15
113 3
36 6
39 20
1 19
139 14
11 16
23 14
50 10
53 16
119 4
1 6
1 13
9 10
72 7
119 15
60 9
29 11
65 13
108 7
24 8
30 12
40 13
1 18
20 17
1 14
77 9
69 10
67 18
34 20
20 14
12 3
92 8
121 14
40 8
36 2
1 14
21 7
28 7
1 14
1 6
66 17
76 11
89 3
46 16
37 16
83 2
31 9
51 4
53 16
33 5
106 18
4 1
17 18
63 6
171 10
98 18
101 8
57 11
25 18
7 18
53 18
69 16
49 1
1 9
119 16
88 8
1 19
126 14
22 14
40 2
60 5
1 1
1 10
27 17
39 18
11 2
1 13
103 15
5 8
93 6
70 6
12 6
54 9
93 4
73 6
87 8
83 20
115 2
106 8
100 19
1 11
102 13
53 19
10 7
121 13
93 9
26 8
57 10
35 15
30 15
1 7
71 16
1 12
65 16
109 10
61 7
17 2
92 10
101 6
77 8
6 20
54 20
1 13
30 6
102 11
51 7
1 1
56 8
84 14
121 11
107 7
74 18
15 1
122 5
85 17
61 15
74 11
12 6
53 17
55 18
80 13
23 5
7 7
1 14
17 1
64 7
67 12
1 3
82 3
1 9
45 16
1 8
64 10
128 18
67 2
50 9
30 16
139 14
61 13
29 13
57 13
1 20
130 12
1 14
39 6
1 13
1 2
1 4
1 20
57 4
66 11
43 11
8 12
117 13
35 13
61 7
85 11
25 6
1 2
75 5
7 1
14 5
1 18
82 4
100 8
18 7
92 5
76 10
66 14
2 14
57 16
91 3
55 7
1 20
1 8
53 17
82 8
7 2
90 1
121 13
1 2
34 20
24 17
54 7
61 17
90 3
45 11
71 11
151 18
1 12
3 20
60 9
17 7
1 6
1 18
1 12
30 14
1 15
128 20
107 12
1 1
112 14
84 11
14 1
64 13
3 12
1 20
130 17
19 5
60 10
64 9
44 15
75 13
47 9
126 11
55 1
28 7
86 12
79 15
12 13
25 9
20 3
54 7
80 12
105 15
70 3
103 13
9 4
1 20
35 6
58 8
91 16
1 6
117 15
37 4
111 10
12 20
1 17
1 1
10 7
85 20
1 6
1 7
10 7
58 9
54 6
14 1
126 11
79 5
61 16
69 8
55 11
1 12
66 6
1 8
111 20
48 4
47 11
76 11
102 17
88 20
139 5
14 20
104 2
60 2
38 3
1 16
111 15
3 7
1 16
68 9
49 13
101 17
1 19
17 10
30 10
89 12
20 3
104 16
19 1
71 10
31 1
1 7
59 13
42 20
108 20
95 8
138 1
46 4
131 5
96 4
37 13
22 3
88 11
43 19
117 13
4 13
122 3
56 15
5 17
17 9
49 5
12 17
45 13
1 9
1 7
77 9
13 15
32 3
56 1
25 1
76 13
64 16
93 10
25 14
1 14
75 2
37 16
128 8
76 5
41 16
75 1
25 15
21 1
96 17
27 19
67 4
112 6
61 15
51 17
119 18