9 9
9 9
6 9
3 4
7 7
3 10
7 2
8 10
2 4
6 8
7 3
4 9
8 7
9 7
2 7
4 9
6 6
8 8
3 27
7 6
8 10
5 9
7 7
4 16
7 3
2 18
3 3
5 8
8 10
4 8
3 3
3 10
2 8
7 7
3 3
7 7
3 8
7 5
7 5
5 5
8 3
4 5
5 7
5 9
2 8
5 10
10 4
5 2
6 2
10 8
4 25
5 6
5 20
7 7
10 8
6 3
7 9
4 4
3 2
7 4
2 18
6 9
5 2
6 3
8 3
3 3
4 2
5 5
4 10
3 8
2 2
3 27
9 5
5 2
7 7
9 6
2 8
2 3
9 8
3 3
8 8
9 9
3 10
3 27
5 10
10 8
9 6
9 8
7 7
4 3
2 32
5 20
2 18
2 2
2 4
8 3
4 7
9 8
4 16
8 8
2 9
4 10
10 7
10 10
2 18
7 10
2 4
8 7
2 10
9 2
5 4
4 3
3 27
9 9
5 5
7 7
4 25
2 4
6 6
4 9
8 6
7 5
5 5
3 2
4 4
10 3
9 3
7 2
3 4
6 5
3 3
9 2
9 7
2 18
9 8
6 6
2 32
5 20
4 6
9 9
5 3
7 7
2 8
8 6
3 3
2 9
7 3
6 9
4 7
9 6
10 6
3 6
4 8
8 3
3 2
10 3
8 8
7 6
10 2
8 10
7 7
7 7
5 4
9 8
7 2
5 5
4 8
7 5
7 7
7 3
5 8
3 3
3 3
7 8
5 8
3 10
7 7
8 6
9 7
3 3
4 4
5 8
3 3
10 2
4 4
10 10
2 7
10 10
3 6
6 10
9 9
9 9
9 5
4 4
7 6
2 2
6 9
4 9
5 8
6 6